mfcc:7.48972e-03 -1.00922e+01 -9.91948e-01 -2.64518e+00 -8.19513e-01 -1.53313e+00 5.43581e-02 -3.40583e-02 -5.29820e-01 -3.56884e-01 -6.04228e-01 -3.40481e-01 -9.68969e-01 -3.55010e-01 8.20880e-01 2.73252e-01 
mfcc:7.96304e-03 -9.25948e+00 -9.93851e-01 6.67274e-01 1.92359e+00 5.46945e-01 1.72770e+00 1.14088e+00 3.39539e-01 2.70415e-01 -9.99255e-01 -3.65351e-01 2.08480e-01 8.77710e-01 1.11338e+00 1.69268e-01 
mfcc:8.20317e-03 -1.12917e+01 -2.74958e+00 -1.88808e+00 -1.09381e+00 1.65658e-01 9.35002e-01 3.83115e-01 1.05245e+00 7.27678e-01 1.36738e+00 8.43176e-01 -7.00848e-01 1.94536e-01 8.75813e-01 2.57304e-01 
mfcc:7.23593e-03 -9.10027e+00 -1.19368e+00 -1.04934e+00 -1.37662e+00 -9.26135e-01 -8.93475e-01 -4.93880e-01 8.46095e-01 -2.06661e-02 3.09555e-01 -5.85528e-02 1.65617e-01 4.70675e-01 -6.10687e-01 -1.62989e-01 
mfcc:7.65563e-03 -9.03801e+00 -3.28085e+00 -2.93773e+00 -2.50875e-01 -1.34608e+00 -9.65166e-01 -9.01129e-01 -1.04728e+00 -1.91733e-01 -5.34136e-01 -4.22088e-01 -5.15940e-01 -1.40461e-02 -4.47960e-01 -1.63727e-01 
mfcc:7.18016e-03 -9.91757e+00 -2.31680e+00 -2.49285e+00 2.47041e-02 -1.61578e+00 9.91041e-01 7.84382e-02 -1.99418e-01 -3.66797e-02 -2.03503e-01 -9.11302e-02 4.06602e-01 1.27533e+00 2.87776e-01 5.96432e-02 
mfcc:7.96973e-03 -7.89818e+00 -4.68376e-01 -6.21289e-01 1.29304e+00 -8.79933e-02 -1.84060e-01 -2.90020e-01 4.86506e-01 -2.90309e-01 -1.22446e+00 4.63269e-01 3.37678e-01 3.08703e-01 7.12565e-01 2.12407e-01 
mfcc:7.82110e-03 -9.99372e+00 -3.02321e-01 -5.44141e-01 -7.73402e-01 -1.29823e+00 9.78681e-01 1.26020e-01 2.18065e-01 5.48351e-01 -3.47885e-01 1.07647e-01 3.31127e-01 -1.23584e+00 -4.24617e-01 4.61795e-01 
mfcc:7.73178e-03 -9.19605e+00 -2.23513e+00 -2.31323e+00 -9.24797e-01 1.66209e-01 8.47140e-01 -1.20719e+00 8.70910e-01 3.94427e-01 -4.50584e-01 3.79474e-01 7.67570e-01 -3.79375e-01 2.01342e-03 -1.96998e-02 
mfcc:8.08437e-03 -1.01515e+01 -2.44349e+00 -1.93516e+00 -1.66927e-01 -6.46027e-01 1.63986e-01 -8.41698e-01 5.64776e-01 -4.25477e-01 3.83677e-01 1.01243e+00 3.09972e-01 -3.73688e-01 7.07490e-01 1.64440e-01 
mfcc:7.90497e-03 -1.02115e+01 -9.07814e-01 -1.73722e+00 -7.07755e-01 -4.05829e-01 -3.95297e-01 -1.20586e-01 5.51229e-01 2.94386e-02 1.46373e-01 2.64609e-01 -6.18313e-01 2.64979e-01 -9.62028e-02 -4.14856e-01 
mfcc:7.58971e-03 -7.36158e+00 4.16219e-01 -6.30077e-01 1.23420e+00 1.41717e-01 5.78492e-01 -1.11066e+00 -1.33989e+00 -2.65401e-01 -5.96915e-01 5.98256e-01 7.97077e-01 -3.78018e-01 8.89559e-02 -1.72074e-01 
mfcc:7.78586e-03 -1.14564e+01 -1.59776e+00 -1.45310e+00 2.62448e+00 1.07732e+00 1.98752e-01 7.24529e-02 -1.12228e+00 -4.93812e-03 3.52321e-01 4.98993e-02 -5.19480e-02 -8.67589e-01 -8.70415e-01 -5.17273e-01 
mfcc:8.58023e-03 -1.13976e+01 -9.35822e-01 -1.29206e+00 3.09549e-01 -7.12834e-01 1.42577e+00 6.58216e-01 -6.58315e-01 1.06287e-01 -1.51434e-01 -3.75883e-01 -1.97978e-02 2.35063e-01 9.71445e-02 4.50465e-01 
mfcc:8.17031e-03 -7.18313e+00 -1.14274e+00 -2.13255e+00 -3.01988e-01 -1.44085e+00 8.93149e-01 1.24611e+00 -3.01104e-01 -4.17614e-01 3.97249e-02 3.78525e-01 -6.05819e-01 3.19345e-01 -4.96604e-01 4.03476e-01 
mfcc:2.14546e-02 -5.13367e+00 -8.21734e+00 -7.06351e+00 3.00196e+00 -2.91075e+00 6.31466e-01 2.14644e+00 -1.14706e+00 -1.94214e+00 -6.82995e-01 -1.65616e-01 -4.87887e-01 -3.72269e-01 3.32910e-01 2.74407e-01 
mfcc:4.06793e-02 -5.48553e+00 -8.65900e+00 -8.75248e+00 5.82763e+00 -1.73125e+00 3.63202e-01 -8.17258e-01 -7.08559e-01 -1.11807e+00 8.83633e-02 1.22269e+00 -1.99120e-01 -9.69253e-01 9.22903e-01 2.84667e-01 
mfcc:5.70264e-02 -8.06216e+00 -1.13956e+01 -9.05532e+00 6.36600e+00 -2.54879e+00 1.42310e+00 -1.12777e+00 6.91680e-01 -1.03793e+00 6.62884e-01 1.38956e+00 -9.54607e-02 2.91712e-01 -2.86273e-01 1.03705e+00 
mfcc:3.94207e-02 -6.35771e+00 -9.48076e+00 -8.49063e+00 5.80568e+00 -1.93057e+00 2.57299e-01 -6.11246e-01 4.67624e-01 -1.50223e+00 5.27902e-01 6.46756e-01 -3.55848e-01 3.00305e-01 -3.79241e-02 -6.00872e-02 
mfcc:3.01694e-02 -6.06798e+00 -1.09450e+01 -8.18331e+00 4.31901e+00 -2.06955e+00 -3.71537e-01 -2.87240e-01 3.99965e-01 -2.21339e+00 1.09912e+00 6.77220e-01 -3.67477e-01 1.56373e-01 1.96549e-01 -2.86766e-01 
mfcc:2.27717e-02 -6.69332e+00 -8.48904e+00 -6.06517e+00 2.74568e+00 -2.16320e+00 1.81717e+00 -4.45986e-01 4.61494e-02 -1.12140e+00 7.43148e-01 4.37502e-01 -2.82002e-01 1.65808e-01 2.39240e-01 -1.35959e-01 
mfcc:1.79752e-02 -7.25478e+00 -8.08242e+00 -5.52309e+00 -1.04790e+00 -4.07769e+00 3.08493e+00 1.21347e+00 -8.81719e-01 -2.47963e-01 1.05318e+00 -8.76758e-01 -2.72795e-01 1.63810e-01 -5.33491e-01 -3.82176e-01 
mfcc:1.24497e-02 -5.12367e+00 -4.02883e+00 -4.68553e+00 -3.78606e+00 -2.40647e+00 3.05308e+00 7.15192e-01 -5.08426e-01 1.62919e-02 -5.94412e-01 4.70672e-01 5.12642e-01 2.53420e-01 -4.66516e-01 -3.87348e-01 
mfcc:1.36897e-02 -7.83103e+00 -5.70575e-01 -4.81994e+00 -5.19353e+00 -2.16448e+00 3.41469e-01 1.27420e+00 1.56463e+00 8.70870e-01 -7.24041e-01 7.24923e-01 -1.54003e-01 4.88526e-01 -1.25764e-01 -3.37430e-01 
mfcc:1.85191e-02 -8.93567e+00 4.39697e+00 -4.12399e+00 -4.27979e+00 -4.13147e+00 -2.31232e+00 2.68549e+00 1.45754e+00 1.57263e+00 -5.88923e-01 -8.34811e-01 -9.13724e-01 -3.18608e-01 1.26806e+00 6.91823e-01 
mfcc:2.07271e-02 -9.23098e+00 4.22711e+00 -5.18353e+00 -2.89523e+00 -3.08286e+00 -3.38999e-01 1.83132e+00 -3.81854e-01 1.15656e+00 -8.53849e-02 -6.75188e-01 -1.71135e-01 -8.19026e-02 1.12994e+00 3.37631e-01 
mfcc:2.09549e-02 -9.32437e+00 3.06238e+00 -6.76060e+00 -2.80007e+00 -2.55431e+00 -1.82690e+00 4.47975e-01 2.24688e-01 1.38876e+00 -1.04322e+00 -1.12514e-01 6.36969e-01 1.66210e-01 1.48954e+00 1.81475e-01 
mfcc:1.85841e-02 -9.06106e+00 2.59643e+00 -5.37977e+00 -4.28834e+00 -1.52898e+00 -2.31301e+00 1.63154e+00 1.33862e+00 6.50390e-01 -1.12800e-01 -4.91539e-01 -7.00238e-01 -4.41273e-02 1.59803e+00 7.12168e-01 
mfcc:1.45656e-02 -8.16158e+00 2.02472e+00 -3.53933e+00 -4.28367e+00 -1.41319e+00 -2.40360e+00 1.59004e+00 1.16565e+00 2.08728e-01 -6.54885e-01 -6.06705e-01 -5.25365e-01 9.33144e-01 3.03321e-01 4.23350e-01 
mfcc:1.01798e-02 -6.86518e+00 -8.57460e-01 -1.00824e+00 -3.45537e+00 -1.67918e+00 -5.15668e-01 -5.30142e-01 1.09958e+00 -6.88316e-01 -1.38476e+00 -2.47412e-01 1.04205e-01 7.47263e-01 1.19757e-01 -6.45773e-01 
mfcc:9.35513e-03 -6.63972e+00 4.35809e-01 -2.06757e+00 -1.71289e+00 -2.81913e+00 -4.96427e-02 1.07277e+00 -1.02003e+00 -7.45320e-01 -3.47594e-01 -6.30049e-01 -1.58299e-01 4.49843e-01 7.03046e-02 -8.45349e-02 
mfcc:7.40954e-03 -7.80159e+00 -4.14207e-01 -2.20782e-01 -5.89941e-01 -1.02367e+00 2.82098e-01 1.08009e+00 -4.77390e-01 6.97103e-01 -6.65180e-01 -2.08171e+00 -1.41293e+00 -8.60782e-02 2.34794e-01 4.07840e-01 
mfcc:8.88526e-03 -9.04998e+00 4.98037e-01 -5.32404e-01 4.94870e-02 -1.78701e+00 -7.91687e-03 9.83184e-01 -5.09872e-01 -2.76590e-01 -8.48031e-01 -9.68945e-01 -5.90028e-01 -5.87846e-01 -1.78270e-01 1.03836e+00 
mfcc:6.75318e-03 -9.40498e+00 1.98207e-01 -2.91956e-01 -9.24050e-02 -1.66457e-01 4.71809e-01 -2.27823e-01 -1.94796e-01 3.35089e-01 -1.13851e+00 -2.07910e-01 -5.56853e-01 -1.04340e+00 -6.26312e-01 7.40780e-01 
mfcc:7.26463e-03 -7.82693e+00 3.27197e-01 -6.48068e-01 -3.56118e-01 -7.82165e-01 -2.52521e-01 -4.26595e-01 4.59814e-05 5.68155e-01 -5.27173e-01 -7.81244e-01 -1.22655e+00 -2.49625e-01 3.89254e-01 2.50413e-02 
mfcc:6.88264e-03 -8.15839e+00 -5.13395e-01 -2.34964e-01 7.95368e-01 -8.71766e-01 -3.88453e-02 -4.51388e-01 -9.69437e-01 -2.42799e-01 -5.48747e-01 -8.54873e-01 4.68560e-01 -5.25684e-01 -5.55626e-01 8.02963e-01 
mfcc:7.74973e-03 -7.04062e+00 9.71817e-01 -1.56620e+00 1.00649e+00 1.20409e+00 1.07872e+00 -1.98544e-01 1.21069e+00 8.25287e-01 -3.82575e-01 9.91183e-01 2.01250e-01 -3.19303e-01 3.18563e-01 3.87259e-01 
mfcc:8.01614e-03 -8.02680e+00 -3.28129e-01 -1.04698e+00 8.66334e-01 3.09540e-01 1.11461e+00 -6.08819e-01 8.43276e-01 5.14791e-01 7.78233e-01 2.98882e-01 4.75934e-01 4.11068e-01 -5.14660e-02 5.95674e-02 
mfcc:7.64027e-03 -8.72224e+00 -1.24887e+00 -2.48533e+00 1.39100e+00 -1.13111e-01 3.74252e-01 -8.88534e-01 6.13512e-01 1.40449e+00 6.87047e-01 1.22244e+00 1.10781e+00 1.12771e+00 4.85171e-01 -4.08296e-02 
mfcc:7.70744e-03 -9.15908e+00 -2.25444e+00 -1.65975e+00 2.22625e-01 -6.09575e-01 1.09614e+00 7.29383e-01 3.60763e-01 -5.35933e-01 -1.23920e+00 3.48161e-02 -4.75387e-01 -6.77812e-01 -8.04113e-01 1.78437e-01 
mfcc:7.67256e-03 -9.64041e+00 1.96710e-01 4.47462e-01 7.50767e-01 -5.06326e-01 1.16066e+00 -8.59343e-02 3.74601e-01 -1.00526e+00 -6.65440e-01 -2.93560e-01 -3.94639e-01 -5.23040e-01 2.65057e-01 8.44169e-01 
mfcc:8.18406e-03 -6.42965e+00 1.39107e+00 -1.10462e+00 5.80156e-01 5.17654e-01 4.62355e-01 2.56762e-01 1.17440e+00 1.04936e+00 3.64673e-01 -3.10739e-01 2.05890e-01 2.60123e-01 -3.20873e-02 6.20936e-01 
mfcc:8.46562e-03 -8.37201e+00 -5.07065e-01 -1.82714e+00 1.27697e+00 1.36977e+00 2.59433e+00 1.90093e-01 -1.96881e-01 3.59234e-01 3.17003e-01 8.43754e-01 7.13978e-02 4.42820e-01 2.27655e-01 -5.74242e-01 
mfcc:6.89083e-03 -7.65534e+00 -1.13041e+00 -1.95507e+00 2.79274e-01 -8.85289e-01 1.14660e-01 -4.93225e-01 7.28839e-01 5.36929e-01 6.96369e-01 5.87078e-01 -8.07624e-01 -3.01344e-01 -3.44850e-01 2.73266e-01 
mfcc:7.73084e-03 -1.04182e+01 -2.83189e-01 -1.61025e+00 4.59106e-01 -3.60523e-01 -2.33430e-01 -2.28302e-01 -8.84942e-01 -1.03624e+00 3.29926e-01 4.34206e-01 9.61187e-01 1.10766e+00 -2.02052e-01 -4.64081e-01 
mfcc:7.41046e-03 -8.31338e+00 -1.34991e+00 -1.98839e+00 1.22307e-01 -1.89698e-01 6.78128e-01 -7.33743e-01 -9.75337e-01 -1.33202e-01 1.34374e+00 7.53670e-01 -4.72360e-01 -1.07285e-01 2.90543e-01 -2.60890e-02 
mfcc:8.08325e-03 -7.49715e+00 1.29238e+00 -7.13728e-02 1.26928e+00 -4.42833e-02 -1.92379e-01 -4.36274e-02 1.08230e+00 3.34924e-01 3.83640e-01 5.11371e-01 -1.76573e-01 4.14715e-01 -6.39130e-02 -5.31136e-02 
mfcc:7.97369e-03 -7.59548e+00 3.27362e-01 -3.69057e-02 1.35088e+00 -2.31485e-01 1.16024e+00 6.92375e-01 1.35429e+00 4.79017e-01 -4.11975e-01 6.87279e-01 7.32942e-02 1.23524e+00 8.84739e-01 -5.11682e-01 
mfcc:7.61005e-03 -1.04112e+01 -2.15657e+00 -2.99370e+00 2.27371e-01 -2.04084e-01 8.05369e-01 -2.17823e-01 -5.68511e-01 4.84628e-01 1.26060e-01 5.34870e-01 -4.15492e-01 -1.25625e+00 5.96724e-01 6.81219e-02 
mfcc:8.09195e-03 -1.07917e+01 -8.05780e-01 -1.49339e+00 3.32035e-01 -1.76436e-01 -4.49616e-01 -6.18503e-01 6.52672e-01 3.70685e-01 -5.17745e-01 7.43946e-01 6.01824e-01 5.26257e-01 -4.12975e-01 -4.14668e-01 
mfcc:7.59362e-03 -8.42559e+00 -1.45743e+00 -2.17065e+00 5.01194e-01 -3.56649e-01 5.62186e-01 -3.38684e-01 3.72811e-01 1.04077e+00 -2.48645e-01 3.88675e-01 -3.54276e-01 -1.85569e-01 6.94004e-01 2.83004e-01 
mfcc:8.94838e-03 -7.99595e+00 -5.58784e-02 1.10093e+00 2.37859e+00 1.61171e-01 -2.15031e-01 8.29311e-01 2.91986e-01 5.71349e-01 3.76784e-01 -5.47096e-01 -8.52878e-01 4.14171e-01 1.21092e+00 7.83109e-02 
mfcc:8.21109e-03 -7.46362e+00 -1.55260e-01 -2.45864e-01 9.85357e-01 1.22160e+00 7.58362e-01 8.10469e-01 -2.21470e-02 1.14390e+00 2.27335e-01 8.02803e-02 1.00042e-02 9.68414e-02 1.10125e+00 5.73477e-01 
mfcc:8.04036e-03 -9.77734e+00 -9.13770e-01 -8.48680e-01 1.77608e+00 -1.00027e+00 6.88113e-01 4.97753e-01 1.53133e-01 -2.79264e-01 6.67155e-01 1.35094e+00 -1.33389e-01 -1.14917e+00 -4.05636e-01 -5.02268e-01 
mfcc:7.80214e-03 -8.67018e+00 -7.94458e-01 -1.81111e+00 1.67099e-01 -8.45323e-01 5.22654e-01 6.22614e-01 5.01154e-01 5.28322e-01 -1.14713e-01 -5.12484e-01 1.90039e-01 7.46520e-01 5.56058e-02 -1.61188e-01 
mfcc:7.77696e-03 -8.13090e+00 5.53132e-01 -2.09949e+00 -6.22546e-01 -2.84196e-01 1.06241e+00 -5.70165e-01 7.89029e-01 2.06565e-01 9.02579e-01 6.09772e-02 2.67134e-03 3.22757e-01 -3.22482e-01 6.82555e-01 
mfcc:7.93808e-03 -8.54202e+00 6.36161e-01 -8.70306e-01 6.20509e-01 2.05411e+00 2.51818e+00 1.04151e+00 -2.84275e-01 1.13247e+00 -8.14869e-02 -4.00399e-01 4.09158e-01 3.50067e-01 2.07137e-01 -8.39972e-01 
mfcc:9.13667e-03 -9.82345e+00 -1.02299e+00 1.67787e-01 2.56024e+00 4.51750e-01 2.82953e+00 1.25686e+00 5.04744e-01 9.93773e-01 6.99766e-01 -1.00235e-01 -1.15738e-01 -5.28362e-01 1.81511e-01 -3.37746e-01 
mfcc:3.23250e-02 -1.26712e+01 -8.34459e+00 -3.58603e+00 3.78739e+00 -1.09596e+00 2.45087e+00 -2.25024e+00 -2.17647e+00 1.45608e+00 1.45834e-02 -1.32090e-02 -8.62332e-01 3.37443e-01 -1.19067e+00 4.45625e-02 
mfcc:7.27083e-02 -1.39108e+01 -9.27301e+00 -3.81910e+00 4.29277e+00 -2.98665e+00 2.66257e+00 -2.09392e+00 -3.23184e+00 1.77586e+00 7.57856e-01 1.90114e-02 -7.30204e-01 1.00614e+00 -1.33682e-01 7.05527e-01 
mfcc:6.02944e-02 -1.36269e+01 -1.05753e+01 -5.81568e+00 3.57051e+00 -3.25325e+00 2.94967e+00 -6.25010e-01 -2.24680e+00 1.95697e+00 1.21800e+00 6.54923e-01 3.48862e-01 1.65620e+00 -1.05709e-01 6.20251e-02 
mfcc:5.00776e-02 -1.00566e+01 -8.91736e+00 -4.96531e+00 4.69341e+00 -2.54993e+00 3.78287e+00 1.32003e-01 -2.60449e+00 1.27289e-01 8.53703e-01 3.65948e-01 -4.38354e-01 1.38779e+00 -3.21598e-01 4.45902e-01 
mfcc:3.44136e-02 -7.99464e+00 -7.26084e+00 -4.91995e+00 3.32686e+00 -2.87112e+00 4.34028e+00 1.21684e+00 -2.35966e+00 7.27007e-03 6.63530e-01 4.81669e-01 -6.70470e-01 6.11529e-01 -2.04401e-01 2.96508e-01 
mfcc:9.92177e-03 -7.88914e+00 -4.48089e+00 -3.08385e+00 1.49569e+00 -1.23496e+00 1.37004e+00 1.78148e-01 -1.71942e+00 -1.73397e+00 1.65071e-01 4.95496e-02 -6.86034e-01 3.48468e-01 2.19628e-01 -5.51004e-01 
mfcc:7.68621e-03 -8.85638e+00 -1.23875e+00 -2.50574e+00 -6.67769e-01 2.39557e-01 2.78100e+00 -3.57993e-01 -1.18207e-01 -1.08726e+00 4.07396e-01 1.80236e+00 -9.71696e-01 -9.66923e-01 -4.59675e-01 1.35967e-01 
mfcc:8.09144e-03 -9.05319e+00 -2.67963e+00 -2.56227e+00 -6.31830e-03 -7.61279e-01 6.72302e-01 3.01455e-01 1.12478e-01 -4.85910e-01 4.43493e-01 9.51363e-01 2.76928e-01 8.98439e-01 4.33481e-01 -3.92207e-01 
mfcc:8.15982e-03 -8.58254e+00 3.21976e-01 -3.13152e-01 1.25931e+00 -2.93354e-01 1.11325e+00 7.47416e-01 4.84778e-01 6.68010e-01 6.87006e-02 5.01528e-01 -3.28911e-01 -6.85350e-01 -5.68243e-02 1.09817e-01 
mfcc:8.44243e-03 -8.20904e+00 8.84866e-02 -5.06814e-01 4.72907e-01 1.10421e+00 2.15542e+00 -8.80080e-02 -4.15467e-01 4.84242e-01 6.35039e-01 6.67347e-01 6.35890e-01 3.98341e-02 -3.74508e-01 -6.08701e-01 
mfcc:7.35614e-03 -8.92704e+00 -1.44537e+00 -1.34918e+00 3.92716e-01 -3.27241e-01 9.36933e-01 2.59455e-01 -1.62880e-01 -1.79559e-01 -1.34830e+00 -3.67140e-01 -1.50435e-01 -5.10401e-01 -4.57368e-01 -3.16822e-01 
mfcc:8.24180e-03 -9.21823e+00 -4.73998e-01 -1.76299e+00 1.36795e+00 -1.69681e+00 4.20267e-01 -5.09445e-01 -6.12855e-01 -4.67228e-01 5.39890e-01 -3.69859e-01 -3.89588e-01 -2.61002e-02 -1.81835e-01 3.25128e-01 
mfcc:7.35283e-03 -8.50295e+00 -3.35258e+00 -1.77165e+00 -8.43018e-01 -8.05515e-01 4.78925e-02 -3.12735e-01 6.21076e-01 8.06035e-01 8.15972e-01 1.39229e-01 3.81932e-01 8.51842e-01 6.79471e-01 2.14556e-01 
mfcc:5.99668e-03 -8.88837e+00 -3.36855e-01 2.20043e-01 1.28491e+00 9.54851e-01 4.91277e-01 -4.72765e-01 -3.52747e-01 1.03916e+00 7.18271e-01 1.30648e+00 9.57762e-01 -1.04657e-01 -4.04088e-01 -1.12715e+00 
mfcc:8.76621e-03 -7.65114e+00 6.52559e-02 4.91653e-01 1.68308e+00 -1.59530e-01 1.63582e+00 4.73380e-01 -9.34824e-01 -2.86103e-01 1.21105e+00 1.95507e+00 5.41635e-01 -9.26115e-01 -9.43522e-01 -2.41580e-01 
mfcc:8.08015e-03 -8.98695e+00 -1.32100e+00 -1.90796e+00 3.36843e-01 -1.33984e+00 6.37127e-01 -1.76264e+00 5.97876e-01 7.73762e-01 2.01595e-01 -5.21238e-01 -6.49230e-01 9.60410e-01 -2.22030e-01 -3.73035e-01 
mfcc:7.99751e-03 -9.61280e+00 -3.12776e+00 -3.14465e+00 1.62020e-01 -9.04282e-01 1.37384e-01 -1.12220e+00 1.71828e-01 -3.86769e-01 -3.98266e-01 -7.45820e-03 -8.23021e-01 5.94317e-01 7.51433e-02 3.82962e-01 
mfcc:7.73859e-03 -1.03128e+01 -1.90983e+00 -2.03396e+00 -7.59617e-01 -1.53956e+00 4.39985e-01 -3.25907e-01 -1.04656e-01 2.10625e-01 -8.33226e-01 4.37998e-01 3.94592e-02 7.30649e-01 -1.28592e-01 -1.84216e-01 
mfcc:7.89044e-03 -8.88697e+00 -1.66226e+00 -6.79566e-01 1.99127e+00 2.65058e-01 1.98010e+00 -6.19483e-01 3.55093e-01 1.27822e+00 4.60132e-01 6.07102e-01 3.16248e-02 6.83360e-01 4.03719e-01 1.69612e-01 
mfcc:7.57056e-03 -7.42255e+00 -2.06994e-01 -1.47521e+00 9.48028e-01 2.10443e-01 1.49827e+00 8.57295e-01 9.08250e-01 8.34040e-03 2.71387e-01 -2.95646e-01 -4.46872e-01 4.93543e-01 4.41761e-01 -2.03388e-01 
mfcc:7.87778e-03 -1.12556e+01 -3.24073e+00 -2.02040e+00 -9.49056e-01 -6.53888e-01 6.20884e-01 -1.15108e+00 -7.41016e-02 1.08361e+00 1.80515e+00 8.61008e-01 1.67376e+00 4.82747e-01 -9.32826e-02 1.13056e-01 
mfcc:8.09203e-03 -1.13733e+01 -2.59968e+00 -2.74908e+00 -1.29371e+00 -4.64707e-01 -1.70304e-01 -1.12426e+00 -5.08404e-01 -8.38890e-01 -7.28590e-01 -2.24430e-01 -7.53636e-01 1.78740e-01 2.51253e-01 -4.70059e-01 
mfcc:7.81074e-03 -1.12801e+01 -3.19181e+00 -2.58563e+00 -3.25773e-01 -9.14301e-01 3.98125e-02 -2.82010e-02 2.42814e-02 1.85776e-01 -8.26771e-02 -7.45809e-01 -9.37211e-01 -3.15146e-01 -6.53337e-01 -4.42469e-02 
mfcc:7.33323e-03 -1.14726e+01 -7.50101e-01 -1.22906e+00 -4.47112e-01 -9.38558e-01 1.24312e+00 3.85714e-01 -2.34045e-01 1.18709e-01 7.86828e-01 8.53169e-01 5.33794e-01 6.50879e-01 4.44145e-01 3.16820e-01 
mfcc:7.83146e-03 -9.49027e+00 -1.66024e+00 -2.63376e-02 6.21360e-01 -6.57349e-01 9.02248e-01 -2.22800e-01 -3.56685e-01 -9.34330e-01 -3.72621e-01 5.85963e-02 3.77464e-01 -3.80524e-01 5.30611e-01 1.11318e+00 
mfcc:7.33267e-03 -1.05263e+01 -2.14293e+00 -1.47152e+00 -7.57833e-01 -8.20066e-01 -2.86204e-01 -1.15739e+00 -1.63553e+00 -4.57332e-01 2.11012e-01 -3.42980e-02 6.49431e-01 2.98371e-01 -3.20831e-02 -3.80941e-04 
mfcc:7.71127e-03 -9.35141e+00 -9.92968e-01 -1.52602e+00 -3.95979e-01 -7.54655e-01 5.10459e-01 5.36423e-02 -9.32170e-02 4.97625e-01 -5.10204e-01 -6.39944e-01 7.77450e-01 -5.04079e-01 -2.31001e-01 7.24433e-02 
mfcc:7.38440e-03 -1.00908e+01 -2.01132e+00 -2.40244e+00 1.14992e+00 -1.13325e+00 -1.11152e+00 4.82298e-01 5.68671e-01 6.72867e-01 -8.20387e-01 -1.24007e+00 3.47267e-01 1.59239e-01 -1.49225e-01 2.84899e-01 
mfcc:8.18386e-03 -8.72628e+00 -1.35192e+00 -1.20669e+00 8.86562e-01 1.28152e-01 9.65455e-01 4.24491e-01 6.69434e-01 5.07191e-01 1.64873e-01 8.75404e-01 5.06497e-01 2.03599e-01 -4.48792e-02 2.17550e-01 
mfcc:8.29443e-03 -8.11870e+00 -1.15769e+00 -2.14954e+00 1.15007e+00 1.57237e+00 8.63726e-01 6.75818e-01 2.18650e+00 1.14716e+00 1.78189e-01 3.69778e-01 -2.63865e-01 -8.30686e-01 -3.56847e-01 2.53787e-01 
mfcc:7.44448e-03 -9.21485e+00 -1.45075e+00 -1.93073e+00 4.73712e-01 1.26059e+00 8.36576e-01 -1.22486e+00 -4.93593e-01 1.82132e-01 2.62121e-01 3.31284e-01 2.47955e-01 6.57856e-01 5.98616e-01 1.96962e-01 
mfcc:8.24226e-03 -8.74498e+00 -1.44746e+00 -2.13769e+00 9.93202e-03 -5.47041e-01 7.77817e-01 -1.14428e+00 3.70844e-01 4.71691e-01 -1.11922e+00 -3.73640e-01 -3.17327e-01 -2.79969e-01 -5.48362e-01 -4.37895e-01 
mfcc:7.83904e-03 -1.01185e+01 -7.28231e-01 -1.33807e+00 1.17006e+00 -1.28555e+00 -6.04832e-01 -1.30069e-01 1.96021e-01 8.08809e-01 6.55171e-01 -3.41061e-02 3.65610e-01 5.15638e-01 1.82312e-01 4.69927e-01 
mfcc:7.75364e-03 -9.45052e+00 -3.27244e-01 -1.12215e+00 1.60076e+00 8.95199e-01 9.26840e-01 2.49181e-02 2.84900e-01 4.08876e-01 2.53867e-01 8.39588e-02 1.53743e-01 5.22961e-02 1.17220e-01 -1.19538e-01 
mfcc:7.77507e-03 -8.01609e+00 -2.28569e-01 -1.74233e+00 3.47066e-01 1.36341e-01 1.27163e+00 -1.16544e-02 1.26777e+00 1.17576e+00 6.51580e-01 2.06537e-01 4.12415e-01 2.58987e-01 -3.34003e-01 -3.11565e-03 
mfcc:8.04662e-03 -1.00418e+01 -1.66270e-01 -2.45942e+00 7.97426e-01 -7.11137e-01 4.44850e-01 2.40961e-01 5.73855e-01 1.95788e-01 -1.95320e-01 4.55029e-02 -1.84733e-02 -3.49753e-01 -9.90084e-01 2.38185e-02 
mfcc:7.30366e-03 -9.25826e+00 -7.40854e-01 -7.36979e-01 1.20498e+00 -1.25340e+00 3.60662e-01 9.56413e-01 -5.58235e-01 2.40910e-02 1.03834e+00 1.21157e+00 -5.27327e-02 -5.62008e-01 -7.00540e-01 2.70652e-01 
mfcc:7.81723e-03 -9.66955e+00 -2.32202e+00 -1.96178e+00 1.74540e+00 -2.75589e-02 4.39344e-01 7.39473e-01 -8.55610e-02 -3.81137e-01 -5.79073e-01 -3.03907e-01 -2.05930e-01 3.67195e-01 -2.27310e-01 4.87900e-01 
mfcc:8.56636e-03 -9.36040e+00 7.18322e-01 -3.91585e-01 8.21971e-01 -3.18911e-01 1.00457e+00 1.24563e-01 3.03594e-01 8.27509e-01 4.69715e-01 2.90514e-01 -6.00144e-01 5.16169e-02 -4.72227e-02 -3.84919e-01 
mfcc:7.88100e-03 -7.91959e+00 -5.82670e-01 -4.21011e-01 1.51053e+00 4.29019e-01 2.18732e-01 -8.39500e-02 -5.30890e-02 3.03793e-01 -1.34647e-01 4.81942e-01 1.52673e-01 -1.81442e-01 5.04796e-01 -5.68941e-01 
mfcc:6.94278e-03 -9.55322e+00 -7.37418e-01 -1.39266e+00 -9.60830e-02 -6.81107e-01 2.79297e-01 1.73986e+00 7.38403e-01 -4.50482e-01 -5.95561e-01 -7.64154e-02 -5.38098e-01 -4.74381e-01 6.45196e-02 4.41407e-02 
mfcc:1.07209e-02 -9.98622e+00 -5.85694e-01 -1.79117e+00 -1.22955e+00 8.62500e-01 4.10544e-01 6.30979e-01 9.11241e-01 5.83095e-02 9.74200e-01 -4.56232e-01 3.17484e-01 2.03926e-01 -6.04824e-01 5.12341e-01 
mfcc:3.10350e-02 -1.06384e+01 -2.52562e+00 -7.12347e+00 -2.62246e+00 1.45526e+00 1.94944e+00 -1.01149e+00 6.80864e-02 -2.00069e+00 2.44346e-01 6.13499e-01 -4.18819e-01 8.24832e-01 -2.27671e-01 3.96288e-01 
mfcc:4.28913e-02 -1.28535e+01 -5.40393e+00 -4.94516e+00 -1.53025e+00 3.86087e+00 1.10564e+00 -1.61259e+00 8.28938e-01 -1.80140e-01 7.49180e-01 2.03860e+00 -1.14927e+00 7.53583e-01 4.19811e-01 4.22988e-01 
mfcc:5.22744e-02 -1.31112e+01 -6.68961e+00 -3.24319e+00 4.49429e-03 3.41716e+00 1.48714e-01 -3.23549e+00 4.95759e-01 1.22210e+00 -2.67094e-02 7.87186e-01 -1.15446e+00 1.03212e+00 -1.65249e-01 -6.49787e-01 
mfcc:4.58286e-02 -1.50425e+01 -8.04751e+00 -1.41536e+00 2.76233e-01 5.16044e-01 -5.66043e-01 -3.69620e+00 3.85709e-01 4.85314e-01 -4.51588e-01 1.25205e+00 -1.97589e-01 6.80518e-01 1.19906e-01 -4.41134e-02 
mfcc:4.71658e-02 -1.42657e+01 -7.82801e+00 -3.49379e-01 1.43806e+00 -3.49311e-01 -4.00108e-02 -3.46620e+00 1.04593e-01 1.70632e+00 -5.45030e-01 3.68624e-01 4.57694e-01 1.67497e-01 4.11868e-01 -8.04341e-02 
mfcc:3.91652e-02 -1.25331e+01 -8.41546e+00 -6.81221e-01 2.13063e+00 -1.34468e+00 7.17284e-02 -3.11149e+00 -7.65789e-01 1.16850e+00 2.73471e-01 -4.44363e-01 4.99407e-01 2.18177e-01 2.62393e-01 -1.44334e-01 
mfcc:2.95504e-02 -1.05887e+01 -7.76000e+00 -9.14650e-01 3.45070e+00 -1.39595e+00 2.75001e-01 -1.80760e+00 -1.49047e+00 9.71692e-01 1.42027e+00 2.85130e-02 9.33045e-01 6.88274e-01 2.96846e-01 -5.53615e-01 
mfcc:2.64290e-02 -7.80893e+00 -8.26208e+00 -5.78246e-01 3.01205e+00 -1.79253e+00 -9.01974e-02 -1.15118e+00 -1.94519e+00 -2.36175e-01 2.01470e+00 -6.37159e-03 6.79657e-01 1.68663e-01 4.15215e-01 -5.72754e-01 
mfcc:1.89219e-02 -6.63319e+00 -7.57741e+00 -2.42436e+00 2.42527e+00 -2.28305e+00 6.62095e-01 -1.71825e+00 -1.81834e+00 -1.00062e+00 2.09281e+00 6.22077e-01 9.30442e-01 5.00848e-01 4.42944e-02 1.03704e-02 
mfcc:1.37198e-02 -6.52769e+00 -5.12603e+00 -2.46594e+00 1.61731e+00 -1.29869e+00 6.26796e-01 -1.26493e+00 -2.33075e+00 -5.66970e-01 1.02588e+00 3.88872e-01 7.12409e-01 1.65538e-01 4.61195e-01 -4.74142e-02 
mfcc:8.17398e-03 -7.59038e+00 -1.33441e+00 -4.02098e-01 -1.98814e+00 -3.01505e+00 -7.09283e-01 -4.37236e-01 -1.23471e+00 8.74967e-01 -2.60770e-02 5.89441e-01 5.00477e-01 3.31525e-01 9.22716e-01 -1.16174e-01 
mfcc:9.60004e-03 -7.01462e+00 1.78386e+00 -1.58658e+00 -1.86458e+00 -1.95315e+00 4.32743e-01 2.65509e-01 -8.34264e-01 -5.58826e-01 -2.60263e-01 6.57438e-01 8.53303e-01 -1.48865e-01 2.14169e-01 6.65257e-02 
mfcc:9.61891e-03 -6.83806e+00 1.86957e+00 -2.37762e+00 -7.91807e-01 -2.20281e-01 -2.98154e-01 -6.81470e-01 3.38098e-02 -1.12603e-01 6.56968e-01 3.55205e-01 6.50648e-01 8.01216e-01 5.40391e-01 -4.10601e-01 
mfcc:8.82846e-03 -8.05658e+00 -8.96407e-02 -2.09338e+00 -1.18099e+00 -1.71593e+00 -8.83946e-01 -6.49802e-01 1.51654e-01 1.06826e+00 7.49934e-01 7.17037e-01 1.50901e+00 1.42282e+00 4.19072e-01 1.29501e-02 
mfcc:8.37342e-03 -7.88060e+00 -1.95076e-01 -1.51603e+00 -3.53610e-01 -1.31899e+00 -5.55738e-01 -8.34290e-01 -4.53493e-01 1.13217e-01 1.77740e-01 7.17348e-01 5.65902e-01 6.72989e-01 5.58799e-01 2.31547e-01 
mfcc:7.46475e-03 -8.37178e+00 -1.22009e+00 -1.02075e+00 -6.46248e-01 -5.30627e-02 -2.01569e-01 4.57938e-01 -3.13304e-01 7.09346e-01 -5.74958e-01 4.84016e-01 9.34017e-01 1.94423e-01 6.20137e-01 2.85465e-01 
mfcc:7.67417e-03 -6.73628e+00 -1.50944e+00 -8.84935e-01 9.48284e-01 -4.36705e-01 1.34835e+00 -3.52039e-03 -5.32454e-01 -6.42981e-01 2.58814e-01 1.96170e-01 8.85362e-01 -1.58182e-01 3.61005e-01 -2.62930e-01 
mfcc:8.46448e-03 -8.46986e+00 -5.05859e-02 -8.09060e-01 1.81706e+00 -3.09415e-01 9.69270e-01 9.05704e-01 1.21506e+00 8.64932e-01 8.52308e-01 9.61261e-01 9.59135e-02 5.61645e-01 5.25501e-01 1.21743e-04 
mfcc:7.90649e-03 -9.15069e+00 -1.75249e+00 -2.92997e+00 -5.10490e-01 2.72731e-01 3.15957e-01 1.09694e-01 4.26401e-01 1.54992e-01 5.90367e-01 2.07723e+00 5.45064e-01 1.05693e+00 2.61975e-01 4.40556e-01 
mfcc:6.99375e-03 -1.01764e+01 -1.58807e+00 -2.40911e+00 -4.62336e-01 -3.96634e-01 -3.36913e-01 -3.54447e-02 2.93561e-01 -2.19993e-01 4.01921e-01 3.06219e-01 -5.51321e-01 5.61125e-01 2.85169e-01 1.43463e-01 
mfcc:7.92193e-03 -9.72731e+00 -1.34505e+00 -2.26281e+00 6.44941e-01 -6.75157e-01 -2.56275e-01 3.01051e-01 8.66337e-01 -9.01720e-01 -1.67165e-01 9.76363e-01 2.88493e-01 -1.68508e-01 4.57098e-01 1.16143e+00 
mfcc:7.67989e-03 -8.21329e+00 4.33586e-01 -1.47668e+00 3.73218e-01 -5.62807e-01 1.02290e+00 3.72984e-01 3.23342e-01 2.82132e-01 5.01766e-01 1.20324e+00 1.49820e-01 7.86746e-02 6.39359e-01 3.65252e-02 
mfcc:8.39104e-03 -8.48631e+00 8.95603e-01 -2.66494e-01 1.98377e+00 -4.56674e-01 1.16324e+00 4.42962e-01 1.22572e+00 1.17815e+00 -5.90084e-01 6.60689e-01 4.04885e-01 5.16018e-01 4.66557e-03 3.46104e-02 
mfcc:7.15671e-03 -9.21457e+00 -9.96423e-01 -2.51026e+00 3.85357e-01 -1.23044e+00 1.30963e+00 5.78198e-01 3.52639e-01 -1.25058e-01 -1.54889e-01 8.32607e-01 5.98947e-02 -6.98937e-01 2.25900e-01 -1.53402e-01 
mfcc:8.16278e-03 -1.12602e+01 -6.27982e-01 1.22120e+00 1.20227e+00 -1.05876e+00 3.41014e-01 -6.73412e-01 -2.58948e-01 3.48942e-01 -8.51996e-01 4.41540e-01 2.19510e-01 3.42601e-01 1.29738e-02 -4.73580e-01 
mfcc:8.15502e-03 -8.65478e+00 -1.33102e+00 -5.07983e-01 4.35435e-01 -9.52893e-01 1.75360e-01 3.13147e-01 1.03406e+00 2.22853e-01 2.21729e-01 3.50072e-01 -5.34685e-01 -1.27866e-01 -1.51758e-01 2.30611e-01 
mfcc:7.20170e-03 -7.88162e+00 -5.36368e-01 -1.41296e+00 2.05664e+00 -3.43286e-01 1.24774e+00 -9.36079e-02 9.07145e-02 6.77680e-01 -5.41850e-01 2.53160e-02 -2.19701e-01 -1.50870e-01 6.04997e-01 5.91440e-01 
mfcc:6.82685e-03 -6.52401e+00 -1.65575e+00 1.76213e-01 2.56531e+00 3.86435e-01 1.03742e+00 -4.61716e-02 9.24817e-01 1.40062e+00 2.10842e-01 3.52874e-02 -5.74307e-01 5.57587e-01 2.54368e-01 -5.32102e-01 
mfcc:7.95488e-03 -8.23191e+00 1.29871e+00 -1.20158e+00 -2.05498e-01 -1.36596e+00 1.55365e-02 -1.09431e+00 -9.26724e-01 9.12942e-01 -9.19214e-01 -1.72870e-01 2.48473e-01 1.06176e-01 -1.63986e-01 -2.58883e-01 
mfcc:7.63942e-03 -9.39550e+00 -5.38970e-01 -2.18661e+00 -4.95104e-01 -1.37418e+00 5.54254e-01 3.70693e-01 7.58821e-01 5.57633e-01 -1.64348e-01 2.08794e-01 1.02324e+00 4.01045e-02 -3.67251e-02 -1.33274e-02 
mfcc:7.82711e-03 -9.33322e+00 -1.54102e-01 -3.73582e-01 1.04567e+00 -1.94072e+00 1.19403e+00 -3.12439e-01 5.67187e-01 -5.81377e-01 -5.29340e-01 1.42877e+00 1.03993e-02 -4.09174e-01 -1.45315e-01 2.78408e-01 
mfcc:7.83799e-03 -9.25326e+00 -1.72538e-01 -5.61004e-01 -8.45902e-01 -1.11199e-01 2.37238e+00 8.90463e-01 -3.30865e-01 3.30597e-01 3.95636e-02 3.67657e-01 3.48146e-01 4.10748e-01 4.79051e-01 -1.41177e-01 
mfcc:7.72093e-03 -6.61274e+00 -4.81879e-01 -1.43637e+00 -1.46502e-01 1.48901e+00 2.48634e+00 9.53912e-01 6.26534e-01 5.93679e-01 7.43727e-01 7.89684e-01 -2.95455e-01 9.86943e-02 2.98933e-01 -6.00071e-01 
mfcc:7.24186e-03 -8.14884e+00 -1.26553e+00 -1.98198e+00 -4.36595e-01 -1.15167e+00 2.07209e-01 -3.01364e-01 9.60201e-01 -5.37501e-01 -8.51189e-01 4.80165e-01 -5.96559e-01 6.91132e-01 -8.17526e-02 -6.75458e-01 
mfcc:7.52232e-03 -9.52660e+00 -1.30998e+00 -2.17994e+00 -1.36832e-01 -8.86701e-01 9.38303e-01 -2.77260e-01 -4.56404e-01 -7.46755e-01 -2.32848e-01 7.40415e-02 -2.04447e-01 5.27890e-01 2.39588e-01 1.45778e-01 
mfcc:7.49974e-03 -9.20566e+00 -1.95535e+00 -2.25616e+00 -1.08138e-01 3.25141e-02 7.01409e-01 -9.57581e-01 -1.27200e+00 4.14609e-01 2.61709e-01 -3.40366e-01 1.27061e-01 -3.39772e-01 7.93560e-01 1.87941e-01 
mfcc:8.32425e-03 -9.11845e+00 4.67199e-02 3.16358e-01 7.10713e-01 -3.85667e-01 4.82074e-01 -8.52991e-02 7.00002e-01 -2.79592e-01 6.23932e-01 1.48588e+00 -1.31276e-01 9.95569e-03 2.62257e-01 -1.46677e-01 
mfcc:7.65953e-03 -7.13177e+00 7.23286e-02 -9.13178e-04 8.88477e-01 -2.69794e-01 2.50537e+00 1.41080e-01 9.29829e-01 8.00083e-01 2.00325e-01 3.83446e-01 -5.03528e-02 3.53725e-01 -1.35569e-01 -2.53020e-01 
mfcc:6.53034e-03 -9.70654e+00 -2.27195e+00 -3.11004e+00 3.45915e-01 -8.18925e-01 -9.22101e-01 7.88414e-02 -3.28056e-01 1.14154e-01 -1.15372e+00 -1.64225e-01 4.50399e-01 -4.18401e-02 -7.45522e-03 2.52340e-01 
mfcc:7.51751e-03 -8.95187e+00 -1.99998e+00 -1.48981e+00 3.80571e-01 1.54893e-01 1.02107e+00 -6.05226e-01 -1.52711e-01 -4.62111e-01 5.15223e-01 2.37896e-01 -1.22715e-01 3.56095e-01 7.94179e-02 8.88489e-01 
mfcc:7.58394e-03 -1.02916e+01 -2.33425e+00 -8.65975e-01 1.19905e+00 4.56486e-01 1.06647e+00 -4.74459e-01 6.53362e-01 9.27151e-02 1.89457e-02 -1.43876e+00 -1.95562e-01 -3.92239e-01 -6.19621e-02 -2.12333e-01 
mfcc:8.61709e-03 -8.65693e+00 2.65467e-01 -1.71070e+00 9.76026e-01 -9.96317e-01 7.30107e-01 -3.29188e-01 3.96967e-01 1.45459e+00 -8.98333e-02 -1.88431e-01 2.02100e-01 9.55563e-02 -2.20302e-02 2.52652e-01 
mfcc:8.39820e-03 -7.64331e+00 7.23379e-02 -5.98059e-02 1.43992e+00 8.52000e-01 1.63859e+00 9.97822e-01 2.58039e-01 2.14224e-02 1.01606e+00 7.13465e-01 1.35081e+00 4.70914e-01 -6.88703e-01 2.38125e-01 
mfcc:7.97079e-03 -1.01471e+01 -2.31587e+00 -1.49029e+00 3.95508e-01 -1.71619e+00 -3.25076e-02 -1.14237e-01 -4.75012e-01 -1.34661e-01 8.50801e-02 -6.35439e-01 -8.05691e-01 3.56450e-01 4.21795e-01 6.95176e-01 
mfcc:7.96617e-03 -8.69474e+00 -1.65740e+00 -7.50349e-01 -1.17861e+00 -9.56700e-01 1.53412e+00 -3.94268e-01 -6.38549e-01 2.66706e-01 -1.02110e+00 -1.26287e+00 -4.14682e-02 -1.10218e+00 -8.67388e-02 -3.71554e-01 
mfcc:2.62048e-02 -7.45761e+00 -8.32855e+00 -1.19162e+00 -4.30251e+00 9.84567e-02 1.43194e+00 -4.86080e-01 -1.08998e+00 -1.04290e+00 6.39835e-01 -3.41398e-01 4.00141e-01 -7.23652e-01 -3.10687e-01 5.78190e-01 
mfcc:3.75652e-02 -9.68333e+00 -9.87996e+00 -1.40286e+00 -4.07240e+00 1.02531e+00 1.45713e+00 7.34990e-01 -1.21601e+00 4.25537e-02 8.14151e-01 -1.26248e-01 1.15899e-01 -6.96434e-01 -1.18238e-01 3.42906e-01 
mfcc:4.23029e-02 -9.32496e+00 -9.91698e+00 -1.65201e-01 -4.11204e+00 1.93521e+00 2.04382e+00 2.14952e+00 -1.24654e+00 6.30142e-01 7.89251e-01 1.24049e-01 1.34753e+00 -4.84635e-01 7.62393e-01 6.03011e-01 
mfcc:3.22571e-02 -8.73698e+00 -9.03196e+00 -1.41210e+00 -4.12351e+00 -3.61924e-01 1.69631e+00 1.81708e+00 -2.56709e+00 4.51524e-01 1.05186e-01 -5.19667e-01 1.02561e+00 -1.41644e-01 2.75257e-01 6.11420e-01 
mfcc:1.77156e-02 -7.27351e+00 -7.13304e+00 -2.06638e+00 -3.98018e+00 -2.81026e+00 6.53814e-01 1.77029e+00 -1.11051e+00 6.36179e-01 2.56610e-02 -1.06177e+00 6.46901e-01 -7.25093e-02 4.61978e-01 -1.13198e-01 
mfcc:1.02476e-02 -6.58774e+00 -2.64913e+00 -1.04501e+00 -2.70294e+00 -3.48383e+00 9.58493e-01 6.53234e-01 -2.75227e-01 5.86194e-01 1.18347e+00 -1.08175e+00 -4.77427e-01 -7.07263e-02 -6.77607e-01 -2.88308e-01 
mfcc:7.57168e-03 -8.22325e+00 -7.15157e-01 -2.00460e+00 -6.87465e-01 -1.74476e+00 7.34362e-01 -4.59024e-01 -1.31485e+00 2.09483e-01 8.90681e-02 4.48144e-01 4.58293e-01 1.64220e-01 -3.23772e-03 2.90013e-01 
mfcc:8.05479e-03 -7.12970e+00 -1.08359e+00 1.94548e-01 4.75018e-01 -3.07624e-01 1.15288e+00 -8.93641e-02 -4.22216e-02 1.07693e+00 4.17347e-01 7.27191e-01 3.15688e-01 1.39124e+00 5.15254e-01 2.00342e-01 
mfcc:1.26119e-02 -7.81536e+00 -1.20143e+00 -1.58018e+00 -5.63587e+00 -5.36240e-01 5.68170e-01 -1.36723e+00 1.74187e+00 1.55149e-01 -7.69953e-01 5.13103e-01 -7.72021e-01 2.76849e-01 -4.49849e-02 -2.55192e-01 
mfcc:2.76566e-02 -8.98761e+00 -5.13624e+00 -8.06984e-01 -8.06532e+00 9.97412e-01 1.31336e+00 -7.46509e-01 1.59782e+00 -1.00004e+00 2.27415e-01 6.54339e-01 1.37388e-01 1.17392e-01 -2.26838e-01 -4.15233e-01 
mfcc:3.39164e-02 -1.03585e+01 -7.28544e+00 -2.28860e-01 -6.19253e+00 4.56567e+00 -5.01595e-01 -1.83732e+00 -6.22932e-01 -1.49217e+00 5.48143e-01 5.11424e-01 8.93536e-01 -2.92141e-01 1.33581e+00 1.98807e-01 
mfcc:2.83904e-02 -1.24046e+01 -5.05533e+00 -1.89570e+00 -3.36175e+00 4.18094e+00 -1.94976e+00 -2.66705e+00 -1.06335e+00 -1.45300e-01 8.66504e-01 1.32022e+00 6.28231e-01 -6.07785e-02 6.18854e-01 -1.05472e+00 
mfcc:2.70657e-02 -1.29885e+01 -4.75788e+00 -1.20941e+00 -1.44310e+00 4.38129e+00 -1.61592e+00 -1.68262e+00 -2.72109e-01 8.46968e-01 1.01942e+00 1.91776e+00 4.58281e-01 8.98911e-01 8.18163e-01 -8.06061e-02 
mfcc:2.39282e-02 -1.25782e+01 -4.04683e+00 -8.19290e-01 -1.40605e+00 2.88616e+00 -1.43588e+00 -2.38625e+00 -2.59803e-01 6.06464e-01 1.83173e-01 6.95913e-01 -6.08117e-01 7.79937e-02 2.15325e-02 -5.37741e-01 
mfcc:1.73571e-02 -1.14310e+01 -5.14417e+00 -1.19676e+00 -1.20944e+00 2.52696e+00 -2.46674e-01 -2.20987e+00 1.51387e-01 6.85328e-01 -1.27136e-01 9.56724e-01 -1.30945e+00 1.38211e-01 -3.64854e-01 -5.47333e-01 
mfcc:1.08217e-02 -1.00966e+01 -4.46048e+00 -8.96277e-01 4.93813e-01 5.80659e-01 6.51658e-02 -2.19391e+00 -7.46862e-01 2.43464e-01 -1.63559e-01 4.54516e-03 -6.63812e-01 -2.45653e-01 -1.68488e-01 3.23044e-01 
mfcc:7.92138e-03 -7.25507e+00 2.59650e-01 -8.00154e-01 -6.96940e-01 -1.69516e+00 -6.40805e-01 -4.93671e-01 2.78480e-01 9.94142e-01 -5.51033e-01 6.39929e-01 -6.94916e-02 -2.64829e-01 3.61920e-01 4.55253e-01 
mfcc:8.20950e-03 -7.46530e+00 2.46739e-01 3.51723e-01 7.93218e-01 -1.01049e+00 4.77763e-01 -1.28514e+00 1.01337e+00 5.23008e-01 -3.60860e-01 5.70001e-01 -6.09870e-01 6.20362e-01 2.18904e-01 1.09882e+00 
mfcc:7.40129e-03 -9.63248e+00 -1.70338e+00 -2.14940e+00 -1.00359e+00 -2.76373e+00 -5.64161e-01 -6.13214e-01 -3.27195e-01 -6.87606e-01 2.43095e-01 1.15591e+00 6.45049e-01 6.66696e-01 5.67469e-01 -4.38155e-01 
mfcc:8.13316e-03 -9.95065e+00 7.93375e-01 -2.38216e-01 -7.60438e-02 -2.47770e-01 -3.23016e-01 -1.36365e-01 4.00441e-01 -3.25383e-01 -3.29419e-02 2.90173e-01 5.97683e-01 -2.46491e-01 3.17910e-01 -3.44334e-01 
mfcc:6.39116e-03 -9.84075e+00 -7.47880e-01 -1.00427e+00 4.55005e-01 -1.13658e+00 1.15940e+00 1.81932e+00 9.03639e-01 -6.34742e-01 -9.62923e-01 2.39155e-01 -4.20041e-01 -4.54540e-01 -5.17892e-01 -4.69213e-01 
mfcc:7.02236e-03 -1.02861e+01 -1.25786e+00 4.92435e-01 5.44092e-01 -7.32311e-01 1.10417e+00 9.24067e-01 -1.44975e-01 1.65029e-01 3.23153e-01 5.17615e-01 -7.13481e-02 6.76976e-03 -8.26729e-01 1.05866e-01 
mfcc:8.00586e-03 -8.26298e+00 -3.68154e-01 -7.03339e-02 1.24976e-01 5.08959e-01 1.03425e+00 -7.39092e-01 1.40608e-02 9.02469e-01 6.12971e-01 6.67714e-01 1.07444e-01 -2.18062e-01 2.81213e-01 -3.22878e-02 
mfcc:8.32878e-03 -8.76525e+00 -1.02706e-01 -2.06228e+00 1.14342e+00 2.21439e-01 6.42677e-01 -5.23494e-01 -1.21232e-03 1.32689e+00 4.23116e-01 6.29103e-03 -7.83651e-01 3.00526e-01 1.39830e-01 1.81807e-02 
mfcc:7.82372e-03 -9.18231e+00 -3.80565e-01 -1.55610e+00 3.55951e-01 4.76539e-01 7.05886e-01 -9.26982e-01 -3.86784e-02 -1.00438e-01 -6.79328e-01 -1.76354e-01 -5.66056e-01 3.69601e-01 3.04869e-01 4.49885e-01 
mfcc:7.60952e-03 -8.78645e+00 3.00125e-01 -1.25751e+00 -1.31106e-01 -9.05673e-01 3.44833e-01 -2.51159e-01 -8.20974e-01 -1.27622e-01 -8.67474e-01 7.03949e-01 3.10179e-01 -6.03152e-01 9.51348e-02 -3.21138e-01 
mfcc:7.50646e-03 -1.06650e+01 -1.22344e+00 -1.40731e+00 -7.08713e-01 5.17413e-01 1.41920e+00 3.45987e-01 3.82395e-01 1.15484e+00 8.24612e-01 2.23559e-01 4.81999e-01 2.56319e-01 7.22163e-02 -2.24594e-01 
mfcc:7.54114e-03 -6.71809e+00 1.14664e+00 -2.84707e-02 3.63861e-01 -1.05692e+00 9.86555e-01 -6.33946e-03 7.50057e-02 3.96460e-02 2.72172e-01 2.23824e-01 -3.79298e-01 -1.00628e-01 8.84706e-02 4.90483e-01 
mfcc:7.80616e-03 -9.27943e+00 -1.46440e+00 -1.06495e+00 4.91136e-01 4.60359e-01 1.30499e+00 -1.74575e-01 1.48735e-01 2.03327e-01 3.73986e-01 -2.43210e-01 2.94773e-01 -3.43860e-01 6.03876e-01 -2.14825e-01 
mfcc:7.15823e-03 -8.83549e+00 -9.43888e-01 -1.13551e+00 5.42147e-01 -8.33990e-01 -1.85739e-01 5.97210e-01 -1.38514e-01 7.72152e-01 4.05632e-01 4.36671e-02 1.61769e-01 -1.79024e-01 3.85835e-01 1.61719e-01 
mfcc:7.67261e-03 -9.11719e+00 -4.92061e-01 -9.37106e-01 -3.92591e-01 -9.61601e-01 -7.01233e-02 -9.26589e-01 2.04430e+00 1.31678e+00 2.44309e-01 -5.22589e-01 5.04481e-01 6.23197e-01 -3.71079e-02 5.04127e-01 
mfcc:6.86918e-03 -9.56906e+00 -5.91170e-01 -9.44766e-01 -1.08448e+00 5.52486e-02 -3.59027e-01 6.06472e-02 -2.53917e-02 3.91264e-01 -5.19833e-02 4.81034e-01 6.52164e-02 1.00859e-01 4.37242e-01 5.64793e-01 
mfcc:7.98731e-03 -7.83645e+00 3.97792e-01 -1.32051e+00 1.71750e+00 5.15941e-01 -6.37507e-01 -1.12760e+00 1.18482e+00 6.45775e-01 4.33898e-02 9.82140e-02 -5.23102e-01 -4.51577e-01 -2.22903e-01 -8.33162e-02 
mfcc:7.50107e-03 -9.61206e+00 7.88602e-02 -2.68524e-01 9.53349e-01 5.24782e-02 -5.36905e-03 2.53299e-01 -6.50134e-01 -6.75356e-02 1.22674e-01 -3.58746e-01 -6.44206e-01 5.76613e-01 4.76806e-01 -1.63724e-01 
mfcc:8.11336e-03 -1.14002e+01 -2.16421e+00 -8.83400e-01 -9.49368e-02 1.89206e-01 1.59651e+00 4.03026e-01 2.62907e-01 6.11595e-02 2.15450e-01 -3.83179e-01 -1.85742e-01 -2.82193e-01 -1.11272e+00 -1.99961e-01 
mfcc:8.67027e-03 -9.33591e+00 -1.03200e+00 -2.67273e+00 3.96488e-01 4.86986e-01 2.14020e-01 1.12716e+00 9.63636e-01 2.21347e-01 -2.10491e-01 9.61831e-02 -7.96577e-03 3.37328e-02 -1.72549e-01 -1.73610e-01 
mfcc:7.93877e-03 -9.17391e+00 -9.58313e-01 -1.92805e+00 4.60382e-01 8.09609e-02 -2.39297e-01 5.39100e-01 5.10859e-01 3.47244e-01 -1.78016e-01 3.32193e-01 4.39727e-01 5.57468e-01 1.35906e-01 1.25387e+00 
mfcc:7.72616e-03 -8.50431e+00 -7.34144e-01 -8.52118e-01 8.76946e-01 -3.88780e-01 2.51499e+00 9.22326e-01 7.12780e-01 7.44837e-02 -3.80711e-01 -5.56324e-01 -5.22634e-01 -6.80966e-01 -6.07897e-01 6.25746e-02 
mfcc:7.45525e-03 -8.81355e+00 -8.72593e-01 -8.67287e-01 8.38769e-01 -1.26410e-01 1.09000e+00 -3.96899e-01 -7.28018e-01 2.57018e-01 -3.32209e-01 3.73251e-01 4.66749e-01 -5.03492e-01 6.02707e-02 -7.76453e-01 
mfcc:7.71295e-03 -1.01754e+01 -1.63180e+00 -2.36685e+00 5.58146e-01 8.97129e-01 5.27117e-01 -1.08189e-01 -4.63064e-01 -2.57383e-01 -3.81341e-01 7.44050e-01 4.43354e-01 -9.63776e-02 -1.06224e+00 3.96524e-01 
mfcc:7.88163e-03 -9.43860e+00 -1.29538e-01 -1.14978e+00 -6.47137e-01 -1.53995e+00 6.03262e-01 -2.23522e-01 8.14988e-01 1.50992e+00 2.11807e-01 1.28430e-01 -1.95289e-01 -1.11280e-02 1.08208e+00 4.50363e-02 
mfcc:7.68222e-03 -9.45666e+00 -6.56902e-01 -7.73482e-01 4.08796e-01 -5.41088e-02 1.58011e+00 -1.60571e-01 8.79649e-02 -2.48930e-01 8.50736e-02 1.10403e+00 6.73471e-02 1.76159e-01 -1.91929e-02 1.88097e-01 
mfcc:8.20802e-03 -7.49648e+00 8.88411e-01 -1.83939e+00 -4.95966e-01 6.55608e-01 -5.47479e-02 -1.25920e+00 -3.54586e-01 1.16417e+00 -9.37856e-01 -3.92049e-02 1.54502e-01 -9.22615e-01 1.70430e-01 -4.01204e-01 
mfcc:8.48861e-03 -6.90211e+00 2.86746e-01 -2.10122e+00 -6.94722e-01 -2.02691e+00 -1.28758e-01 -1.04592e+00 -5.72920e-01 2.73691e-01 5.08882e-01 1.10093e+00 5.36614e-01 2.74465e-01 7.29942e-01 7.07206e-01 
mfcc:8.92386e-03 -4.02643e+00 -1.18312e+00 -5.32031e+00 -2.12924e+00 -1.67451e+00 -9.80738e-01 -1.57499e+00 -5.32618e-01 -2.11197e-01 9.72674e-01 9.06890e-01 3.92931e-01 4.16836e-01 4.60650e-01 5.35234e-01 
mfcc:1.48076e-02 -8.78687e-01 -4.53580e+00 -8.71177e+00 -1.20201e+00 1.68549e-01 -8.05681e-01 -1.85946e+00 4.61618e-01 1.01347e+00 -5.49920e-01 3.09714e-01 8.05501e-01 7.26156e-01 1.14386e+00 -8.54205e-02 
mfcc:3.55048e-02 -1.89194e+00 -9.99724e+00 -8.32402e+00 3.47900e+00 -1.07331e+00 -1.58188e+00 -3.39309e-01 -6.75515e-02 -1.41141e+00 -1.35645e+00 5.75731e-01 8.71838e-01 8.77291e-01 3.85884e-01 6.17857e-01 
mfcc:4.95158e-02 -6.38167e+00 -9.74665e+00 -4.84759e+00 4.94653e+00 -2.19743e+00 1.15602e-02 -6.82331e-01 -1.25687e+00 -1.94561e+00 6.71279e-01 1.85470e+00 -2.48698e-01 4.01754e-01 4.06067e-01 -3.25385e-01 
mfcc:5.57853e-02 -8.85262e+00 -1.00148e+01 -3.19710e+00 4.12295e+00 -3.14353e+00 2.36494e+00 -7.48780e-01 -2.87215e+00 -2.05351e-01 9.53007e-01 9.06667e-01 -3.56351e-01 6.20359e-01 4.73568e-02 5.07552e-01 
mfcc:4.11453e-02 -9.91351e+00 -7.69736e+00 -1.55506e+00 1.78259e+00 -1.64418e+00 2.14024e+00 -1.76214e+00 -3.42202e+00 4.48061e-01 8.45409e-01 4.05754e-01 2.81331e-01 8.36322e-01 -1.23190e-01 4.73963e-02 
mfcc:3.09891e-02 -1.02809e+01 -6.01484e+00 -1.66524e+00 -9.98500e-01 5.72256e-01 2.31974e+00 -3.51201e+00 -1.51500e+00 5.87981e-01 -3.09907e-01 1.38207e+00 3.55734e-01 4.06842e-01 -7.95342e-02 -3.39579e-02 
mfcc:2.89844e-02 -1.07428e+01 -3.32959e+00 -2.78491e+00 -1.89526e+00 1.61182e+00 6.63331e-01 -3.36143e+00 -5.94892e-01 -5.85832e-01 3.51769e-01 1.80623e+00 -1.59257e-01 5.33968e-01 -2.63089e-01 -7.45346e-01 
mfcc:1.55763e-02 -8.31497e+00 5.13725e-01 -2.21033e+00 -1.03906e+00 7.76116e-01 -3.46466e-01 -3.16673e+00 -1.23164e-01 -1.19414e+00 1.29081e+00 1.32292e+00 7.78848e-02 2.41016e-01 -6.14430e-01 -4.69971e-01 
mfcc:8.04243e-03 -5.79194e+00 7.55830e-01 -1.61169e+00 -1.58634e+00 -2.32970e+00 -9.41037e-01 -1.14863e+00 -1.25407e+00 -4.89202e-01 -1.76104e-01 5.30978e-01 1.25499e+00 8.29507e-01 1.08556e-01 -2.36802e-01 
mfcc:8.20668e-03 -6.23355e+00 1.09677e+00 -2.33770e+00 -1.62668e+00 -2.58353e+00 -1.96014e+00 -8.15866e-01 -8.63463e-01 9.15951e-02 7.61073e-01 6.10284e-01 6.48119e-01 1.12958e+00 7.07089e-01 2.28095e-01 
mfcc:8.84798e-03 -6.85406e+00 7.99762e-01 -2.74296e+00 -1.72477e+00 -2.18630e+00 -1.95519e-01 -8.39418e-01 -8.39439e-01 -2.71176e-01 8.71864e-01 8.70005e-01 9.60102e-01 4.54833e-01 3.42853e-01 3.83663e-01 
mfcc:8.22990e-03 -7.73176e+00 -7.42712e-01 -2.72641e+00 -1.51227e+00 -1.90117e-01 -5.14780e-01 -1.98369e+00 -8.25405e-01 -2.79709e-01 1.06817e-01 5.22385e-01 1.23166e+00 7.50740e-01 3.79709e-01 1.86055e-01 
mfcc:7.69900e-03 -7.29457e+00 -2.25975e-01 -1.70076e+00 5.07671e-01 -3.78669e-01 -1.05380e+00 -1.25501e+00 7.72316e-01 -2.64412e-01 -7.70012e-01 -7.74276e-02 1.47119e-02 1.66768e-01 4.46138e-01 -3.28456e-01 
mfcc:7.61480e-03 -8.55941e+00 5.07076e-01 -1.16123e+00 2.03277e-01 4.63953e-01 -5.15368e-01 -4.05767e-01 -3.84159e-01 -4.40286e-01 2.38266e-01 3.88104e-01 -7.91715e-02 -9.24760e-02 7.80853e-01 -6.68265e-01 
mfcc:8.10787e-03 -9.58418e+00 -9.90035e-01 -1.58431e+00 1.35427e+00 -9.08226e-02 9.79150e-01 7.47132e-02 -4.31727e-03 1.18348e-01 8.40445e-01 9.19111e-01 -1.60772e-01 4.22217e-01 -3.47419e-01 -2.30396e-01 
mfcc:8.22660e-03 -9.98822e+00 6.85483e-02 -1.53191e-01 1.43339e+00 -8.96966e-03 -4.41362e-01 -6.08899e-01 -1.21257e+00 5.17620e-01 1.00442e+00 -4.00659e-01 4.20673e-02 -7.88468e-02 -2.89167e-01 -3.41988e-01 
mfcc:7.83662e-03 -8.34054e+00 -5.09203e-01 -1.49747e+00 1.04328e+00 -8.63302e-01 -1.10183e-01 -9.14388e-01 1.64943e-01 3.72408e-01 1.46367e-01 7.54033e-01 -6.21172e-03 -3.44099e-01 -5.96979e-01 -3.45045e-01 
mfcc:8.17070e-03 -7.66944e+00 -1.80193e+00 -3.42514e+00 -2.95388e-01 -9.45083e-01 -4.65078e-01 -1.97016e-01 5.59417e-01 1.44539e+00 -2.02710e-01 6.10068e-01 6.33928e-01 -3.06128e-01 1.00433e+00 6.97487e-01 
mfcc:7.75521e-03 -8.28193e+00 -1.93465e+00 -1.50785e+00 -1.38188e+00 -9.81884e-01 1.13746e+00 5.52720e-01 -1.47987e-01 -1.10117e-01 1.37098e+00 1.63344e+00 2.69813e-01 2.39461e-01 -9.60240e-02 5.83755e-01 
mfcc:7.50498e-03 -9.18918e+00 -1.32210e+00 -1.29566e+00 6.32968e-01 4.26336e-01 9.38867e-01 -5.11931e-01 -1.10450e+00 2.57454e-02 -8.75417e-03 4.14215e-01 -1.53319e-01 4.80741e-01 -6.84478e-02 1.72931e-02 
mfcc:8.37768e-03 -9.71040e+00 -1.63597e-01 -1.67236e+00 -3.38504e-01 -1.13264e+00 -1.93963e-01 -6.06616e-01 -1.42361e+00 -1.56787e-01 4.26065e-01 2.98945e-01 -3.54797e-01 -3.15876e-01 3.43571e-01 -1.67390e-01 
mfcc:7.36167e-03 -8.93984e+00 -8.53373e-01 -1.06488e-01 1.16638e+00 -6.62064e-01 -1.07115e-01 -2.82046e-01 -2.11132e-01 1.88113e-01 2.48196e-01 -6.26552e-01 -6.82779e-01 2.88331e-02 5.96972e-01 3.38744e-01 
mfcc:8.05586e-03 -1.09089e+01 -2.69337e+00 -1.94226e+00 -6.31222e-01 -1.34610e+00 8.50589e-01 7.61364e-02 -3.66018e-02 2.30424e-01 -8.78581e-01 -7.53601e-02 1.13597e-01 1.17784e+00 6.97696e-01 -3.99001e-02 
mfcc:7.58502e-03 -1.04360e+01 -4.40830e-01 -5.90784e-01 2.50439e-01 -3.41902e-01 -6.88053e-02 -7.47217e-01 -5.29666e-01 -1.60730e+00 6.87643e-01 -2.90085e-01 -8.14804e-01 6.14719e-01 5.83522e-01 -5.14327e-01 
mfcc:5.91992e-03 -8.95513e+00 -1.01724e+00 -1.81461e+00 7.18261e-01 -2.54887e-01 2.11894e-01 -2.05449e-01 -2.15234e-01 -4.25760e-02 7.16645e-01 -2.53043e-01 -6.18997e-01 -8.40838e-02 3.82651e-01 5.98905e-01 
mfcc:8.30633e-03 -1.01354e+01 -1.49084e+00 -3.10627e+00 -4.84194e-01 8.86433e-01 6.22530e-01 -1.38601e-01 -9.89090e-01 -1.63863e-01 6.05479e-02 -5.79842e-02 2.01632e-01 6.37170e-01 -1.37966e-02 3.52874e-01 
mfcc:7.58266e-03 -8.53528e+00 -2.84121e+00 -1.31502e+00 1.47495e+00 -5.27020e-01 -6.95430e-01 2.38497e-01 -1.62705e-01 7.31841e-01 5.33370e-01 6.94365e-01 1.77480e-01 2.69019e-01 3.02407e-01 1.85389e-01 
mfcc:8.14309e-03 -9.55553e+00 -3.30695e-01 -9.02327e-01 -3.26104e-01 -7.72268e-01 1.19036e+00 8.12419e-01 2.72280e-01 4.63879e-01 -1.17036e-02 -2.10597e-01 3.93665e-01 -6.22025e-01 -5.47723e-01 -1.28372e-01 
mfcc:7.18699e-03 -9.47371e+00 -7.86993e-01 -1.85052e+00 -5.28880e-02 -1.76066e+00 1.13440e-01 7.07091e-01 -1.91263e-01 -3.55207e-01 -3.34497e-02 3.91938e-01 -1.56262e-01 -5.01609e-02 2.29563e-01 8.25565e-01 
mfcc:7.70489e-03 -9.75492e+00 -1.00046e+00 -1.29825e+00 2.64996e-01 -1.36893e-01 7.62383e-01 -1.03337e-01 -8.46364e-01 -1.23299e+00 -2.21712e-01 -3.18325e-01 1.46357e-01 -6.26648e-01 -4.44712e-01 6.99668e-01 
mfcc:8.15384e-03 -1.01061e+01 -1.27996e+00 -4.12287e+00 -6.29356e-01 -1.27152e+00 2.24466e-01 -5.23064e-01 -7.64047e-01 2.87348e-01 -1.27617e-01 -2.50733e-01 -6.22162e-01 2.71080e-01 2.06112e-01 -6.08984e-01 
mfcc:8.47070e-03 -1.09787e+01 -1.90507e+00 -1.38734e+00 -1.15529e+00 -1.76443e+00 8.87985e-01 3.56031e-01 1.11391e-01 4.45703e-01 -1.30509e+00 -2.69034e-01 3.60846e-01 1.20541e+00 5.20673e-01 -7.94706e-02 
mfcc:7.75382e-03 -9.17843e+00 -2.89445e-01 -2.32073e-01 -3.50372e-01 -7.53753e-01 7.83932e-01 8.94262e-02 -3.78063e-01 -9.20821e-01 2.76903e-01 -7.15497e-02 -2.79149e-01 -2.80455e-01 2.40366e-01 -2.14356e-01 
mfcc:8.03971e-03 -1.11093e+01 -1.72267e+00 -2.22109e+00 -1.52009e-01 -4.28711e-01 -2.24778e-01 -1.28847e+00 3.20890e-01 1.10219e+00 6.12107e-01 3.75709e-01 -5.53141e-01 3.86027e-01 1.20066e-01 3.65934e-01 
mfcc:7.71901e-03 -1.02605e+01 -1.61478e+00 -2.11005e+00 -6.46157e-01 -1.39239e+00 7.99163e-01 4.55362e-01 -8.44214e-01 3.59723e-01 1.34987e+00 7.12374e-01 8.70196e-01 3.44848e-01 -3.86011e-01 5.17725e-01 
mfcc:8.25735e-03 -1.08227e+01 -1.06621e+00 -1.96533e+00 2.84514e-01 -1.17007e+00 -4.84649e-01 -3.89893e-01 -5.80330e-01 3.85131e-01 -5.36842e-01 -8.51497e-02 4.17840e-01 8.79117e-01 -7.03238e-01 -1.98569e-01 
mfcc:7.92083e-03 -1.27263e+01 -3.41303e+00 -2.12515e+00 -3.29827e-01 -6.87763e-01 1.56953e+00 2.75361e-02 1.82354e-01 2.38256e-01 1.28316e-01 -6.22864e-01 -8.02269e-02 1.15834e+00 -3.70471e-01 -5.09631e-01 
mfcc:8.40429e-03 -7.42441e+00 6.52181e-01 -4.75681e-01 5.69893e-01 -7.96599e-01 1.68990e+00 4.16880e-01 6.46501e-01 3.64946e-01 -1.41996e-01 8.51649e-02 2.95056e-01 2.16387e-02 -3.30620e-01 -1.00620e-02 
mfcc:8.00226e-03 -8.72894e+00 -7.60612e-01 -1.35069e+00 5.83366e-01 1.73193e-01 1.97395e+00 3.93415e-01 5.47568e-01 7.61177e-01 6.74712e-01 1.60903e+00 1.51874e-01 5.14548e-01 -2.34225e-02 2.10067e-02 
mfcc:7.50187e-03 -8.50990e+00 -1.71174e+00 -2.52554e+00 -5.17383e-02 -1.62359e-01 4.45962e-01 4.30209e-02 1.32254e+00 1.08526e+00 -3.16620e-01 7.04652e-01 9.13470e-01 4.15575e-01 1.32822e-01 -4.38779e-01 
mfcc:8.10871e-03 -1.11719e+01 -2.66760e+00 -1.95754e+00 -1.06127e+00 -2.34446e+00 -4.53535e-01 -4.35614e-01 -3.79894e-01 3.60013e-01 7.39908e-01 -3.24543e-01 -2.32395e-01 5.08122e-01 -1.54612e-01 1.75377e-01 
mfcc:9.99053e-03 -9.74108e+00 -1.46095e+00 -3.04298e+00 1.19062e+00 1.42586e-01 4.12476e-01 -5.48676e-02 2.90291e-01 5.58421e-01 -6.82899e-01 1.06926e-01 1.56648e-01 1.14417e-01 6.32832e-01 -4.57806e-01 
mfcc:2.01903e-02 -8.06946e+00 1.44945e+00 -9.86077e-01 -1.07374e-01 3.56613e-01 1.91250e+00 -3.92989e-01 3.11366e-01 7.28730e-01 -8.30854e-02 3.46957e-02 9.95594e-01 3.31320e-01 -2.44280e-02 6.94199e-01 
mfcc:1.52600e-02 -8.79273e+00 1.27520e-02 -2.05807e+00 8.10033e-01 -2.74142e-01 1.83120e+00 4.41255e-01 -3.50403e-02 1.49107e+00 -1.71913e-01 -3.75295e-01 4.98988e-01 5.55580e-01 7.69536e-01 -4.96910e-01 
mfcc:1.19667e-02 -1.12099e+01 4.69951e-01 -2.42405e+00 6.82076e-01 -3.84488e-01 4.65378e-02 5.88200e-01 -8.58787e-01 1.97982e-01 5.15211e-01 -1.69191e-01 1.67007e-01 -3.46664e-01 -2.23420e-01 -9.36527e-02 
mfcc:1.86515e-02 -9.57082e+00 4.01355e+00 -3.41949e+00 -1.31445e+00 -3.00340e+00 -1.43168e-01 1.32918e+00 8.05927e-02 2.81382e-01 -5.06033e-01 -1.48712e+00 1.04480e-01 -4.48946e-01 -1.62583e-01 -5.41817e-01 
mfcc:3.51855e-02 -9.99689e+00 5.40636e+00 -6.48789e+00 -3.71174e+00 -2.81510e+00 -2.09268e+00 1.64278e+00 6.42260e-01 1.02769e+00 -3.79951e-01 -1.03343e+00 -1.93655e-01 3.79100e-02 9.39861e-01 -1.06723e-01 
mfcc:3.20292e-02 -9.24840e+00 5.57331e+00 -4.17588e+00 -3.95522e+00 -2.33961e+00 -2.81837e+00 2.09482e+00 1.21623e+00 2.30164e+00 1.17563e+00 -1.83293e+00 -7.28813e-01 2.62248e-01 1.16116e+00 8.90291e-01 
mfcc:2.17039e-02 -7.70596e+00 3.47829e+00 -4.79476e+00 -4.11488e+00 -1.60571e+00 -2.95960e+00 1.53198e+00 1.23469e+00 1.06358e+00 1.06480e+00 6.30684e-02 -1.39939e+00 -8.27407e-02 2.51170e-01 6.81668e-01 
mfcc:1.47360e-02 -6.84362e+00 3.85707e+00 -1.91533e+00 -5.54658e+00 -3.09073e+00 -2.66807e+00 6.09657e-01 2.46856e+00 8.45113e-01 1.51093e-01 -2.42982e-01 -1.38735e+00 6.21257e-01 -1.15761e-01 3.18005e-01 
mfcc:1.19382e-02 -6.35375e+00 7.73410e-01 -2.55878e+00 -4.73517e+00 -2.37531e+00 -1.92246e+00 -1.15314e+00 2.83670e+00 1.98688e+00 -3.37093e-01 7.18436e-01 -1.34232e+00 -5.39804e-01 4.01765e-01 7.87014e-01 
mfcc:1.02096e-02 -5.44047e+00 1.45529e+00 -1.05635e+00 -4.56841e+00 -3.23685e+00 -3.74247e-01 -3.61672e-01 1.59260e+00 2.36715e+00 -5.99556e-01 -4.98694e-01 -2.42950e-01 -1.99306e-01 -6.19404e-02 -2.72006e-01 
mfcc:9.03549e-03 -4.46303e+00 1.34168e-01 -2.42652e+00 -2.38109e+00 -2.73660e+00 5.04752e-01 1.50021e-01 2.86740e-01 3.78242e+00 6.35946e-01 -1.98528e-01 -3.84455e-01 -2.96275e-01 3.89505e-01 1.13437e-01 
mfcc:9.05002e-03 -4.86825e+00 -2.26499e-01 -2.41699e-01 -1.94285e+00 -3.95763e+00 1.88747e-01 1.12327e+00 1.34794e+00 1.88159e+00 4.38212e-01 -1.25917e+00 -6.12577e-01 -5.00037e-01 -8.32704e-01 9.46737e-01 
mfcc:8.52304e-03 -5.82484e+00 -9.70910e-01 -3.40090e+00 -3.73066e+00 -3.45667e+00 -1.90500e-01 8.54401e-01 1.49507e+00 2.12260e+00 1.06934e+00 -6.94039e-01 -2.29189e-01 4.35632e-01 4.09606e-01 2.41188e-01 
mfcc:8.03254e-03 -6.25490e+00 -1.98411e-01 -3.01225e+00 -1.95470e+00 -2.48865e+00 3.67248e-01 2.21926e-01 1.47215e+00 1.35740e+00 5.77010e-01 -7.68382e-01 -1.55006e+00 2.95067e-01 3.02809e-01 4.86656e-02 
mfcc:7.94318e-03 -1.04134e+01 -1.23860e+00 -1.29530e+00 2.12677e-01 -6.78801e-01 8.42652e-01 1.40569e+00 8.57372e-01 4.83077e-01 6.28827e-01 1.60205e-01 -1.86248e-01 2.60461e-01 4.82536e-01 2.76960e-02 
mfcc:7.06104e-03 -7.47578e+00 -6.95952e-01 -4.34583e-01 1.01216e+00 1.29638e+00 1.77293e+00 8.29522e-01 3.73378e-01 5.85629e-01 6.25053e-01 1.31218e-01 3.50748e-01 -6.09036e-02 1.79769e-01 -8.18888e-02 
mfcc:8.52835e-03 -8.43342e+00 1.31554e+00 -2.00039e-02 1.84030e-01 2.18499e-01 1.51844e+00 -5.47251e-01 2.90409e-01 -2.28733e-01 -1.22981e-01 5.84975e-01 5.75548e-01 1.44454e-01 -8.68309e-01 2.39316e-01 
mfcc:7.98392e-03 -1.10810e+01 -2.00671e+00 -1.05825e+00 1.21294e+00 9.52490e-01 9.48295e-01 3.57834e-01 2.72581e-01 8.67027e-01 -5.01204e-02 -1.55163e-01 -4.81712e-01 -2.24454e-01 -5.85181e-01 -1.34376e-01 
mfcc:7.21877e-03 -1.03587e+01 -7.92035e-01 -2.04087e+00 1.10834e+00 2.38838e-01 9.03073e-01 7.19205e-01 6.45855e-01 -1.87029e-02 1.76524e-01 4.68712e-01 -7.91548e-01 2.63400e-01 -1.63012e-01 4.67622e-02 
mfcc:8.23568e-03 -9.18810e+00 -9.72439e-01 -2.11281e+00 1.34657e-01 -1.50230e-01 2.78412e-01 3.49761e-01 5.30670e-01 3.98006e-02 -2.92998e-01 6.57631e-02 -6.36240e-02 -1.34043e-01 -3.42606e-02 2.40781e-01 
mfcc:6.48286e-03 -8.40305e+00 -9.51234e-02 8.75860e-01 2.26552e+00 8.41741e-01 1.73278e-01 6.01731e-01 5.45651e-01 1.14388e+00 4.85761e-01 -3.30927e-01 1.15437e-02 -1.33281e-01 -3.91251e-02 -4.83258e-01 
mfcc:7.94898e-03 -8.90659e+00 5.99199e-01 1.42145e-01 -5.96050e-02 -1.71469e-01 8.43403e-01 -4.18190e-02 5.22963e-03 -1.24586e-01 4.25237e-01 1.34957e+00 -4.23503e-01 2.02127e-01 1.14562e-01 -5.30581e-01 
mfcc:7.15215e-03 -9.34842e+00 -1.14219e+00 -3.94537e-01 1.84733e+00 7.95369e-01 -1.52034e-01 -8.79053e-02 1.43687e-01 -5.87419e-01 -2.45249e-01 5.23354e-01 4.96038e-02 6.40652e-01 9.23141e-01 -4.97648e-02 
mfcc:7.97260e-03 -1.03388e+01 -2.55331e+00 -1.83385e+00 1.25591e+00 -8.48111e-01 1.27042e+00 2.10180e+00 1.34394e+00 -2.95591e-02 2.18810e-01 -2.68875e-01 2.67057e-01 1.06281e+00 5.77781e-01 -3.82205e-01 
mfcc:7.96954e-03 -1.04255e+01 -1.31443e+00 -5.16081e-01 1.93465e+00 3.51231e-01 2.35401e-01 -1.35710e+00 -4.91890e-01 -1.33343e-01 -7.39879e-01 1.31067e-01 1.21144e+00 -2.43299e-01 5.81591e-01 3.13562e-01 
mfcc:7.58939e-03 -8.63354e+00 6.05234e-01 -6.04767e-01 1.33179e+00 7.83044e-01 1.62422e+00 1.55750e+00 1.28127e+00 1.82460e+00 4.34441e-01 4.50173e-01 5.71993e-01 -2.00446e-01 -3.69756e-01 -2.28058e-01 
mfcc:7.92918e-03 -9.71872e+00 -1.24921e+00 -8.42397e-01 3.02883e+00 8.42584e-01 1.53488e+00 9.83058e-01 7.37537e-01 -1.85193e-01 2.36979e-01 -8.28419e-02 -2.84580e-01 6.15933e-01 1.37832e-01 2.46179e-01 
mfcc:7.27113e-03 -1.00474e+01 -9.67505e-01 -1.54227e+00 1.17192e+00 -8.57727e-01 4.00423e-01 3.48055e-01 4.41092e-01 1.44606e+00 5.73617e-01 -4.82766e-01 -8.17267e-02 1.60728e-01 -3.68621e-01 -5.92606e-01 
mfcc:7.27370e-03 -9.98977e+00 -3.52437e-01 1.13358e-01 6.34377e-01 -8.98978e-01 4.79093e-01 2.49751e-01 1.15151e+00 8.55095e-01 1.03423e+00 -2.21915e-01 3.37685e-01 -2.93880e-02 -1.80463e-01 7.26388e-01 
mfcc:7.91082e-03 -1.03035e+01 -1.00248e+00 -7.91122e-01 -8.39669e-01 -1.04756e+00 -1.35953e-01 8.22053e-02 5.03465e-01 -8.79887e-02 2.08513e-01 1.12068e+00 7.62316e-01 5.56019e-01 -1.65647e-01 -1.78881e-01 
mfcc:8.40233e-03 -8.32470e+00 -5.22019e-01 -8.58363e-01 1.67605e+00 1.44088e+00 8.97613e-01 1.57961e-01 -1.33751e-01 1.07654e+00 1.18648e+00 6.23461e-01 1.32307e+00 -2.23328e-01 4.69768e-01 6.30414e-02 
mfcc:8.00373e-03 -8.11110e+00 2.52504e-02 -3.38691e-01 2.11127e+00 1.94981e-02 1.10135e+00 8.89875e-01 6.83365e-01 6.40174e-01 3.69094e-01 -6.65033e-01 2.66837e-01 2.31907e-01 3.31298e-01 -1.97293e-01 
mfcc:7.38395e-03 -8.98702e+00 3.83035e-01 -1.68964e+00 -7.32958e-01 -9.26357e-02 1.46023e-01 -1.55186e-02 1.69157e+00 4.98382e-01 -3.88627e-01 -1.86387e-01 -7.62558e-04 1.92851e-01 -3.21702e-01 -6.00118e-01 
mfcc:7.66345e-03 -8.70028e+00 -4.81507e-01 -1.34990e+00 1.86819e+00 8.54007e-02 -1.54551e-01 1.18861e+00 1.69250e-01 -3.54371e-01 -8.67103e-01 -1.25932e+00 7.35202e-01 -3.27312e-01 -7.95038e-01 -4.70655e-02 
mfcc:8.02188e-03 -9.75041e+00 -1.85658e+00 -2.64305e+00 -5.29933e-01 -5.55415e-01 1.27822e+00 1.06484e-01 4.99930e-01 4.45489e-01 -4.05768e-01 -4.43596e-02 -5.79244e-01 5.81164e-01 -3.87360e-01 -9.13523e-01 
mfcc:7.68503e-03 -8.85181e+00 -4.24959e-01 -7.15272e-01 4.05388e-01 6.72698e-01 1.30282e+00 1.24121e+00 1.78329e+00 2.34182e-01 1.41629e+00 1.31984e+00 8.24437e-01 1.64816e+00 9.40803e-01 -3.39669e-02 
mfcc:8.53834e-03 -9.25074e+00 -3.75729e-01 -1.35590e+00 1.92820e+00 7.70720e-01 2.14931e+00 9.56884e-01 1.08377e-01 -5.61205e-01 5.95540e-01 2.06653e+00 7.16261e-02 -5.68441e-01 4.22339e-02 4.13754e-01 
mfcc:8.43095e-03 -1.11692e+01 -2.39862e+00 -1.41000e+00 9.43475e-01 -1.34597e+00 1.66936e+00 1.40135e-01 3.14178e-01 1.91308e+00 6.76661e-02 4.76561e-01 5.31483e-01 4.35488e-01 9.87120e-01 2.45968e-01 
mfcc:8.23935e-03 -9.03379e+00 -1.64362e+00 -1.26981e+00 1.45705e-01 -8.87883e-01 5.89978e-01 -4.35274e-01 -4.21689e-01 -2.50233e-01 -1.13127e+00 -2.60467e-01 6.47209e-01 -3.81476e-01 4.17256e-01 -4.58170e-01 
mfcc:8.06111e-03 -9.25507e+00 -1.15712e+00 -2.67309e+00 6.15445e-01 -2.29269e-01 -1.91439e-01 -3.98007e-01 -3.62217e-01 1.13718e+00 1.21139e+00 6.44618e-02 2.38612e-02 3.75726e-01 1.96406e-01 3.53942e-01 
mfcc:8.03057e-03 -9.06341e+00 8.76755e-01 -6.84007e-01 1.95419e+00 9.49545e-01 1.49108e+00 1.27656e+00 3.44450e-01 1.32440e+00 -5.57632e-02 -1.05785e+00 2.42673e-01 1.39474e+00 -2.11177e-01 -6.56399e-01 
mfcc:8.44620e-03 -8.72899e+00 -1.87775e-01 -1.90107e+00 1.51378e+00 4.24903e-01 1.11233e-01 1.73541e+00 8.50689e-01 6.54232e-01 5.49081e-01 1.16884e+00 -4.26605e-02 1.42024e-01 7.41882e-01 3.38498e-01 
mfcc:7.78263e-03 -1.00706e+01 -7.25528e-01 -9.71448e-01 6.86293e-01 3.77190e-01 6.16698e-01 6.53422e-01 9.89729e-01 7.78233e-01 2.08094e-01 -5.65489e-02 5.44979e-01 5.88873e-01 -2.02052e-01 -7.74523e-01 
mfcc:7.97522e-03 -9.79171e+00 -1.58834e+00 -1.04370e+00 1.29014e+00 2.63901e-01 8.26064e-01 1.37537e+00 -7.64697e-01 -9.01746e-01 -9.32473e-01 -3.40484e-01 1.09128e+00 1.63428e-01 9.34142e-01 -1.55141e-01 
mfcc:1.10369e-02 -9.73978e+00 -1.78310e+00 -1.17092e+00 -8.36486e-01 -1.14065e+00 4.40599e-01 6.10192e-01 1.17150e+00 1.97372e-01 -5.21556e-02 1.17998e+00 1.72013e-01 1.11203e-01 6.85398e-01 -4.94296e-01 
mfcc:9.91171e-03 -8.27634e+00 -2.49319e-01 -1.42288e+00 -3.98093e-01 1.94407e+00 6.16649e-01 2.07828e-01 7.01949e-01 1.02203e+00 9.24321e-01 8.47633e-01 6.21583e-01 1.12431e+00 2.57993e-01 -3.21332e-01 
mfcc:8.25950e-03 -8.37716e+00 5.51207e-01 -5.52185e-01 3.24350e-01 8.13973e-01 1.05916e+00 3.36182e-01 7.92958e-01 8.11721e-01 -1.86271e-01 8.51772e-01 8.79507e-01 4.67137e-01 4.10685e-01 9.74917e-01 
mfcc:9.05540e-03 -1.12417e+01 -1.13130e+00 -1.05952e+00 -4.65526e-01 7.53441e-01 1.29301e+00 -1.00833e+00 9.38972e-01 -6.61051e-01 5.95200e-01 1.96886e+00 -8.34408e-02 -2.23836e-01 1.21337e-01 5.78930e-02 
mfcc:7.84489e-03 -9.37591e+00 -1.39006e+00 1.31414e-01 -2.51321e-01 4.95566e-01 1.26655e+00 -1.01659e+00 2.25863e-01 6.55081e-01 3.94616e-02 -9.91392e-02 4.59117e-01 2.73918e-01 5.08477e-01 -2.73034e-01 
mfcc:1.36366e-02 -7.26867e+00 -1.41914e+00 -1.05089e+00 -6.55766e+00 -1.48526e+00 2.13433e-01 -1.31045e+00 2.39758e+00 -1.40399e-01 -1.22776e-01 -1.23722e-01 -7.35858e-01 9.98100e-02 2.06231e-01 3.75265e-01 
mfcc:1.87713e-02 -7.05836e+00 -2.12307e-01 1.18359e-03 -6.50633e+00 -4.48243e-01 -1.75351e+00 -3.93805e-01 2.98928e+00 -1.22173e-02 1.12185e+00 -3.05194e-01 -3.09095e-01 3.99504e-01 4.34070e-01 -5.38710e-01 
mfcc:3.04705e-02 -9.34372e+00 2.13497e+00 -9.82603e-01 -5.64972e+00 1.33418e-01 -5.27491e+00 1.79975e+00 1.48185e+00 1.11341e+00 9.06892e-01 -3.78702e-01 -1.27120e-01 -9.70203e-02 5.44581e-01 -2.48908e-01 
mfcc:3.09188e-02 -9.60048e+00 6.65249e+00 -4.09803e+00 -3.61964e+00 -1.28198e+00 -4.40448e+00 3.37782e+00 5.13809e-01 1.15044e+00 -5.89119e-01 7.83869e-01 -6.26474e-01 -7.95817e-01 2.12390e-01 -5.95212e-01 
mfcc:1.97362e-02 -8.20247e+00 4.34941e+00 -4.19995e+00 -1.60118e+00 -2.89285e+00 -2.34016e+00 9.81020e-01 -6.08699e-01 2.22451e+00 -2.37402e-01 2.08386e-01 -7.45774e-01 -8.10124e-01 7.07215e-01 -5.79011e-01 
mfcc:1.63202e-02 -8.57600e+00 2.88922e+00 -4.01130e+00 -9.11006e-01 -2.71738e+00 -1.01519e+00 -7.23001e-01 -6.56457e-01 1.76841e+00 4.54380e-01 8.02932e-02 -2.96540e-01 -6.28464e-01 -6.17648e-01 1.04568e-01 
mfcc:9.43046e-03 -6.91888e+00 2.04229e+00 -1.84131e+00 5.48931e-01 -2.34592e+00 3.73801e-01 1.28524e+00 3.34132e-03 7.91337e-01 -1.87747e-01 3.93445e-01 -3.01049e-01 -9.00620e-02 -8.04908e-01 -1.93185e-01 
mfcc:7.08724e-03 -6.00793e+00 3.14022e+00 -3.39391e-01 -1.38440e+00 -2.52542e+00 5.54647e-01 7.96378e-01 1.95338e+00 7.72373e-01 8.82690e-01 5.39921e-01 3.90344e-01 8.35614e-01 -2.10195e-01 6.91922e-02 
mfcc:7.95366e-03 -6.85500e+00 1.92911e+00 -1.79737e+00 -1.41900e+00 -2.49121e+00 -1.29818e-02 4.42111e-02 3.64445e-01 4.12942e-01 3.44883e-01 2.16491e-01 1.54250e-01 6.31482e-01 -7.86577e-01 -6.37336e-01 
mfcc:7.27899e-03 -6.14870e+00 8.34825e-01 -2.33867e+00 1.76980e-02 -2.22424e+00 -9.57643e-01 -5.47091e-01 1.72252e+00 7.45425e-01 -4.39062e-01 3.62100e-01 -1.82427e-01 -1.22530e+00 -2.74639e-01 8.13268e-01 
mfcc:8.12102e-03 -7.38602e+00 -4.84252e-01 -1.97387e+00 -2.18896e+00 -1.86432e+00 7.84562e-02 -1.67450e-01 7.62020e-02 9.17872e-01 4.23355e-01 1.69855e-02 1.01453e-01 7.78893e-02 3.47301e-01 5.09903e-02 
mfcc:7.44082e-03 -6.58195e+00 4.89487e-01 -7.84471e-01 6.91459e-01 -6.86544e-01 2.02796e-01 -2.47902e-01 1.68505e-02 1.03072e+00 -5.82676e-01 8.83046e-01 -1.19141e-01 -6.38626e-01 2.70449e-01 -1.62885e-01 
mfcc:8.22241e-03 -5.89668e+00 5.02605e-01 -1.49053e+00 -7.44878e-02 -5.47161e-01 1.03098e+00 3.82766e-01 1.54853e+00 5.28297e-01 -3.85137e-01 1.01236e+00 5.91872e-01 -3.06498e-01 1.75506e-03 2.44473e-01 
mfcc:8.60610e-03 -9.21907e+00 2.00535e-01 -1.08015e+00 -1.25598e-01 -9.96546e-01 3.50250e-01 -4.94608e-01 9.14304e-01 7.37330e-01 -5.25865e-01 -2.99618e-01 -4.61353e-01 -1.88059e-01 -4.19035e-01 5.88705e-01 
mfcc:7.82406e-03 -9.84290e+00 -2.33238e+00 -2.18543e+00 -4.51323e-01 -8.42023e-01 4.70226e-01 -8.58298e-01 2.59519e-01 -4.94081e-02 -1.28400e+00 6.24837e-01 5.79415e-01 8.91875e-03 3.25580e-01 1.45571e-02 
mfcc:8.17245e-03 -9.93090e+00 -1.71870e-01 -2.03506e+00 -9.41510e-01 -1.15225e+00 7.33857e-01 -7.54682e-01 -8.26968e-01 5.90888e-01 6.71984e-01 3.44497e-01 -5.24507e-01 6.87950e-01 6.29438e-02 1.64936e-01 
mfcc:7.19978e-03 -8.69661e+00 -7.34879e-01 -1.16730e+00 9.90867e-01 -4.51317e-01 3.48444e-01 6.96431e-01 8.33081e-01 1.35602e+00 2.87630e-01 -6.49050e-01 -4.50590e-01 -5.66078e-01 1.50842e-01 4.49951e-01 
mfcc:8.11904e-03 -7.64450e+00 3.71289e-01 -4.66750e-01 6.46063e-01 6.03809e-01 1.91149e+00 4.00243e-01 1.04214e+00 3.04844e-01 6.56665e-01 2.23659e-01 3.32253e-01 4.43050e-02 -3.80714e-01 -6.26292e-01 
mfcc:8.29831e-03 -1.08643e+01 -1.23231e+00 -1.72293e+00 1.56415e+00 2.43793e-01 -1.17886e-01 -3.74740e-01 -4.09719e-01 -6.33360e-01 -8.65098e-01 -6.39995e-01 -3.15913e-01 -3.08527e-01 3.20288e-01 1.41818e-01 
mfcc:8.04259e-03 -1.02257e+01 -1.97753e+00 -2.27660e+00 7.52388e-01 -9.91460e-01 5.38051e-01 1.03030e+00 3.60254e-01 8.93552e-01 -2.97910e-01 3.80530e-01 -3.00591e-01 -8.23104e-02 -2.50670e-01 -3.53110e-01 
mfcc:8.16846e-03 -1.03304e+01 -2.22795e+00 -3.83217e+00 -2.93306e-01 -1.48533e+00 2.03945e-01 9.12920e-02 -4.95005e-01 2.35020e-01 7.55442e-01 2.08385e-01 4.06059e-01 4.36197e-02 -1.03296e-01 6.62103e-01 
mfcc:7.17757e-03 -8.72183e+00 -1.95125e+00 -1.39458e-01 8.40605e-01 -2.73856e-01 1.67290e+00 -1.58875e-01 -1.59721e-01 4.79993e-01 5.80920e-01 1.86744e-01 -9.35668e-01 7.14531e-01 3.41410e-01 2.26559e-01 
mfcc:8.17651e-03 -7.26064e+00 -8.84327e-01 -1.27958e+00 1.34650e+00 3.52059e-01 5.89549e-01 -1.37327e-01 4.70815e-01 1.26580e+00 -2.75601e-01 4.81535e-01 6.78923e-01 -2.65764e-01 -2.08491e-01 1.19857e-01 
mfcc:7.62383e-03 -9.01279e+00 -2.24392e+00 -2.56261e+00 4.90499e-01 -3.30243e-01 8.02714e-01 -5.51751e-02 1.32508e-01 4.34521e-01 1.98599e-03 6.65733e-01 -3.22161e-02 -5.29319e-01 4.66157e-01 1.82301e-01 
mfcc:7.84165e-03 -1.16030e+01 -2.73064e+00 -3.34511e+00 -1.80167e-01 -6.74622e-01 -4.64915e-01 -1.42607e+00 -1.57722e+00 4.44032e-01 3.24228e-01 5.17919e-01 6.61464e-01 6.89811e-02 -4.29025e-01 -3.01535e-01 
mfcc:6.84719e-03 -8.44118e+00 -2.65683e+00 -1.26953e+00 9.89610e-01 -4.65436e-01 -1.24109e+00 2.09228e-01 9.17127e-01 6.52391e-01 5.74158e-01 -3.38199e-01 -9.30626e-01 3.87347e-01 -2.68531e-01 4.45324e-02 
mfcc:7.98398e-03 -9.13917e+00 4.45696e-01 -6.66688e-01 6.34749e-01 -2.06597e+00 1.77451e-01 1.22134e+00 1.10114e-01 2.95675e-01 -7.92301e-01 3.89892e-02 7.85687e-01 4.50905e-01 3.77667e-01 6.89531e-02 
mfcc:8.15459e-03 -7.88982e+00 -1.67619e+00 3.50211e-01 1.38053e+00 -9.10401e-03 1.78061e+00 6.24988e-01 3.03016e-01 3.09040e-01 7.14447e-01 5.43835e-03 -1.83961e-01 4.86657e-02 -2.60650e-01 5.99591e-01 
mfcc:6.57744e-03 -1.15115e+01 -3.30670e-01 -2.08955e+00 -7.76333e-01 -1.77692e-01 3.90190e-01 1.09833e+00 9.19236e-01 1.33637e-01 1.17807e-01 2.99377e-01 4.87930e-02 -4.73272e-01 -4.10158e-01 4.74732e-01 
mfcc:8.01558e-03 -1.03003e+01 -1.63114e+00 -5.05121e-01 3.64353e-01 -5.46751e-01 -5.10084e-01 -1.15873e-02 6.71321e-01 7.60760e-01 8.15565e-01 9.41379e-01 2.93937e-01 -7.72501e-02 1.63141e-01 5.77070e-01 
mfcc:7.45477e-03 -9.71399e+00 -8.51926e-01 -1.61951e+00 3.56949e-01 6.52784e-01 3.52048e-01 -5.17026e-01 -2.27198e-01 2.71248e-01 2.37054e-01 -5.32291e-01 -5.08950e-01 -9.77033e-02 -6.07056e-01 -9.19140e-01 
mfcc:7.81366e-03 -9.75717e+00 -1.72025e+00 -2.75982e+00 2.42028e+00 1.69817e+00 1.63277e+00 1.46683e+00 5.53745e-02 -5.11758e-03 -4.89219e-02 -1.87781e-01 -1.00670e+00 -7.02735e-01 -7.75436e-01 -5.04643e-01 
mfcc:8.19508e-03 -8.35078e+00 -1.99530e+00 -1.37412e+00 2.01288e+00 1.26946e+00 1.15587e+00 -5.19903e-01 3.63440e-01 1.68526e+00 3.73345e-01 8.30752e-01 3.56220e-01 1.72386e-01 2.45008e-01 2.61877e-01 
mfcc:8.00242e-03 -1.03630e+01 -1.40844e+00 -2.76841e+00 1.58510e+00 -7.93296e-01 1.52148e-01 1.75064e+00 9.64628e-01 5.71588e-01 -1.84444e-01 -1.91553e-01 5.98531e-01 1.68853e-01 -5.66143e-01 -6.17422e-02 
mfcc:8.04805e-03 -9.50198e+00 -1.34883e+00 -1.54689e+00 4.99090e-01 -7.07827e-02 1.73636e+00 -3.79576e-01 8.65558e-01 4.01066e-01 -1.89760e-01 8.03297e-01 -2.29580e-01 3.42453e-01 -5.44310e-01 5.27377e-01 
mfcc:7.70972e-03 -1.12085e+01 -1.73543e+00 -1.92930e+00 -3.95411e-02 4.99388e-01 -3.98807e-01 -8.49700e-01 -7.84818e-02 5.81274e-01 1.31323e+00 7.29119e-01 -5.09524e-02 5.61850e-01 1.19633e+00 8.48993e-01 
mfcc:7.79666e-03 -8.89732e+00 -1.04969e+00 -1.68971e+00 -5.31547e-02 6.73296e-03 1.88353e+00 4.20963e-01 1.40215e+00 -3.72784e-01 1.20124e-01 3.45532e-01 1.90126e-01 -1.81308e-02 2.92583e-01 6.93515e-01 
mfcc:8.47089e-03 -8.86607e+00 1.09906e+00 -1.12821e+00 5.13149e-01 -5.95533e-01 2.44695e+00 -4.28766e-02 2.94531e-01 4.94135e-01 1.88156e-01 4.35198e-01 1.02226e-01 3.66972e-01 -3.63494e-01 -9.23488e-01 
mfcc:7.87131e-03 -8.26031e+00 -1.58549e+00 -2.02081e+00 1.30156e-01 1.54872e-01 3.35958e-01 -3.85120e-02 4.65191e-01 -1.04198e-01 -4.43655e-02 -1.22554e-01 -6.91850e-02 8.21047e-01 7.30436e-01 7.32271e-02 
mfcc:7.81245e-03 -9.53624e+00 -2.07856e+00 -6.78844e-01 -1.71505e-01 -8.02199e-01 7.05896e-01 -3.55899e-01 -8.23472e-01 3.00324e-03 7.23234e-02 -2.85965e-01 2.48139e-01 1.87647e-01 -1.62584e-01 1.78173e-01 
mfcc:7.80499e-03 -9.88467e+00 -9.05346e-01 -1.90559e+00 2.12126e-01 -1.62136e+00 1.18614e+00 -2.12192e-01 -9.47879e-01 5.68042e-01 1.14720e+00 1.27968e+00 8.42750e-01 7.88984e-01 -2.89355e-01 -3.49602e-01 
mfcc:8.50462e-03 -8.96694e+00 -9.67505e-01 -7.31323e-01 1.50938e+00 -1.90332e-01 6.27580e-01 -5.27267e-01 4.04885e-01 5.97190e-01 -4.64967e-02 3.16173e-01 -4.14868e-02 5.30338e-01 7.49243e-01 5.60503e-01 
mfcc:9.40771e-03 -8.62150e+00 -2.64339e-01 -1.16912e+00 1.07688e+00 2.25328e-01 1.16732e+00 1.57684e+00 2.20197e-01 4.67423e-01 6.58029e-01 4.37937e-01 4.61606e-01 -2.56535e-01 5.67006e-01 -3.91824e-01 
mfcc:8.73817e-03 -9.88941e+00 -6.31880e-01 -1.53585e+00 9.87742e-01 -1.39608e+00 6.90133e-01 1.24387e-01 7.15619e-01 2.25155e-01 -5.55193e-02 -4.50217e-01 -2.78268e-02 3.12678e-02 1.05149e-01 6.63248e-01 
mfcc:1.59501e-02 -2.61078e+00 -6.26584e+00 -7.56802e+00 8.68798e-01 -5.73296e-01 -1.60845e+00 5.87119e-01 8.78245e-01 -2.50259e-01 -1.61598e+00 -2.61416e-01 9.63762e-02 -5.70033e-01 -1.61051e-01 -1.72160e-01 
mfcc:2.77591e-02 -2.38071e+00 -7.83929e+00 -9.93531e+00 1.15349e+00 -2.67174e-01 -1.13881e+00 1.04833e+00 1.01214e+00 3.95871e-01 -1.46158e+00 7.86848e-01 6.80262e-01 6.35061e-01 -1.65313e-01 2.75872e-01 
mfcc:2.90557e-02 -3.62828e+00 -7.85500e+00 -1.10941e+01 1.95319e+00 1.21980e-02 -3.19095e-01 8.07750e-01 4.95041e-01 1.17027e+00 -1.24182e+00 3.01617e-01 5.74534e-01 1.25648e+00 5.54775e-01 9.13383e-01 
mfcc:2.59006e-02 -1.96866e+00 -7.52016e+00 -9.13983e+00 1.93712e+00 1.47013e+00 -1.10983e+00 4.33947e-01 5.73296e-01 1.28915e+00 -1.30401e+00 1.40984e-01 2.92052e-01 3.33514e-01 1.10497e+00 2.89455e-01 
mfcc:2.12651e-02 -4.68140e+00 -8.33680e+00 -7.84195e+00 1.73729e+00 1.90094e+00 -9.04149e-01 1.22079e+00 8.80598e-01 5.30698e-01 -1.37659e+00 -1.47499e-01 8.50279e-01 3.04273e-02 -5.49816e-02 -2.53335e-01 
mfcc:1.95743e-02 -6.49060e+00 -9.76709e+00 -6.02482e+00 1.38656e+00 6.40361e-01 -1.65686e+00 2.39352e+00 -3.24313e-02 -1.86726e+00 -8.59220e-01 1.82534e-01 6.21651e-01 7.88430e-02 1.62031e-01 -2.74489e-01 
mfcc:2.04289e-02 -6.29759e+00 -9.75207e+00 -3.49530e+00 1.36216e+00 -9.81705e-02 -4.26713e-02 1.81899e+00 4.05157e-02 -2.74832e+00 9.54845e-01 8.37123e-01 -1.28471e-01 -1.46118e-01 3.21863e-01 -2.75440e-01 
mfcc:1.71014e-02 -6.85174e+00 -1.03546e+01 -2.12785e+00 8.63771e-01 -1.27809e+00 1.81076e+00 1.03300e+00 -2.10854e-02 -1.49703e+00 1.10952e+00 1.08979e+00 -3.31396e-01 4.77828e-01 2.88827e-01 -2.82272e-01 
mfcc:1.26698e-02 -7.47354e+00 -7.57112e+00 -2.20375e+00 -3.65789e-02 -1.65432e+00 1.52584e+00 7.38478e-01 -1.43730e-01 -2.36223e-01 1.27604e+00 5.80140e-01 -2.30912e-01 6.78474e-01 2.92723e-01 -2.59112e-02 
mfcc:1.32986e-02 -9.15229e+00 -7.67314e+00 -7.51469e-01 -1.28213e+00 -1.15979e+00 3.27169e+00 3.03398e-01 -1.00664e+00 -3.06181e-01 2.63333e-01 -1.31724e-01 -6.68443e-02 2.41628e-01 4.37206e-01 1.64074e-02 
mfcc:8.02042e-03 -7.06917e+00 -2.56224e+00 -1.98018e+00 -2.87637e-01 -1.40575e+00 1.32846e+00 5.38430e-01 4.42691e-01 2.51502e-01 1.68623e-01 8.26584e-01 2.35616e-01 5.84863e-01 -1.09748e-01 -5.38176e-01 
mfcc:6.90266e-03 -9.89101e+00 -2.92898e+00 -1.13093e+00 -1.07226e+00 5.18059e-01 2.28031e+00 -9.27684e-01 -1.15359e+00 3.49581e-02 -3.07596e-01 -2.12649e-02 5.92060e-01 -1.39260e-01 2.70531e-01 -4.79034e-01 
mfcc:7.99712e-03 -9.74639e+00 -6.18576e-01 -1.02737e+00 7.82110e-02 1.85555e-01 6.46210e-01 -7.98356e-01 -1.10419e-01 5.30295e-01 -5.49798e-01 1.93526e+00 5.58727e-01 3.42862e-01 1.66795e-01 -5.55581e-02 
mfcc:8.23272e-03 -8.02935e+00 1.11276e+00 7.67892e-02 5.12697e-01 -4.57611e-01 1.81369e+00 -7.88820e-01 2.31835e-01 1.94789e+00 1.14708e+00 1.02481e-01 -2.36079e-01 2.51386e-01 7.55311e-01 1.15629e-01 
mfcc:7.56164e-03 -1.00977e+01 -2.63752e+00 -1.71411e+00 -4.82289e-01 -2.12354e+00 -3.88549e-01 2.76076e-01 -2.19337e-01 -3.09507e-01 5.76457e-02 3.18992e-02 -7.82765e-02 1.17490e-01 -4.56960e-02 -4.51700e-01 
mfcc:7.55597e-03 -9.80760e+00 -1.65924e+00 -2.84123e+00 9.30035e-01 -1.37497e+00 -8.14385e-01 2.73467e-01 2.34038e-01 4.28819e-01 -9.65555e-01 -1.54026e+00 3.75925e-01 3.94339e-01 -3.46403e-02 1.12123e-02 
mfcc:7.64661e-03 -9.91015e+00 -2.06665e+00 -2.22329e+00 -5.33113e-01 4.90946e-01 9.32653e-01 -4.65833e-01 8.13953e-01 -1.00477e-01 2.74690e-01 1.99032e+00 1.11743e+00 1.01790e+00 4.46998e-01 -3.33689e-02 
mfcc:7.73046e-03 -9.28496e+00 -8.15160e-01 -1.35071e+00 2.29673e+00 -2.21277e-02 1.41377e-01 -1.07694e-01 -3.21187e-01 2.01040e-01 5.46654e-01 1.78956e-01 1.84005e-01 1.97172e-01 8.29180e-04 -7.58745e-01 
mfcc:7.72165e-03 -8.29941e+00 -8.51469e-01 4.77837e-01 2.11356e+00 2.51758e-01 1.37552e+00 4.77355e-01 -1.35216e-01 -5.91557e-01 5.20825e-01 1.26440e+00 7.40703e-01 1.45539e-01 7.52879e-02 6.70133e-01 
mfcc:6.78641e-03 -8.86286e+00 -1.10435e+00 -1.69893e+00 -3.97162e-01 6.43921e-02 -6.31368e-01 7.95721e-01 4.12550e-01 1.06302e+00 -6.65907e-02 5.17787e-01 2.90514e-02 1.33526e+00 2.36707e-01 6.13609e-01 
mfcc:7.64716e-03 -8.39535e+00 -1.14478e+00 -1.57512e+00 5.50263e-01 -4.28318e-01 3.41313e-02 1.95592e-01 6.08937e-01 -7.40985e-01 -1.03082e-01 7.42007e-01 3.80705e-01 -1.05841e-03 4.91379e-01 4.82050e-01 
mfcc:7.15321e-03 -8.39655e+00 -1.30289e+00 -1.85759e+00 1.36044e+00 -4.01485e-01 -2.66280e-01 -2.38834e-01 4.18679e-02 3.55269e-01 1.92450e-02 1.53242e-01 1.19648e-01 9.63285e-03 7.44363e-02 4.94596e-02 
mfcc:8.21167e-03 -1.03637e+01 -2.62645e+00 -1.84286e+00 6.94185e-01 1.31514e+00 1.83983e+00 6.96718e-02 1.26982e+00 1.14667e+00 1.03252e+00 9.17339e-01 1.94730e-01 2.43464e-01 1.85688e-01 4.36849e-01 
mfcc:7.66463e-03 -8.54185e+00 -9.60277e-01 -9.33048e-01 1.93557e+00 1.14401e+00 1.49763e+00 5.51088e-01 -2.83416e-02 -1.15788e-01 7.67762e-01 1.19310e+00 4.65043e-02 6.80971e-02 3.57708e-01 3.31184e-01 
mfcc:8.17769e-03 -1.11962e+01 -1.79022e+00 -1.22839e+00 1.58881e+00 -2.68169e-02 7.94248e-01 4.96673e-02 5.80963e-02 7.19060e-01 -3.90286e-01 -6.67124e-01 -6.29123e-02 4.06808e-01 2.26734e-01 -2.26984e-02 
mfcc:7.34451e-03 -1.01797e+01 -1.67867e+00 -1.77440e+00 7.75732e-01 1.17840e-01 2.74993e-01 1.39394e-01 3.23051e-01 3.96517e-01 3.37499e-01 4.46218e-01 1.36769e-01 4.99621e-01 3.77518e-01 -2.16233e-02 
